	Acer-005	Acer-009	Acer-019	Acer-021	Acer-022	Acer-029	Acer-030	Acer-034	Acer-038	Acer-041	Acer-042	Acer-043	Acer-045	Acer-055	Acer-056	Acer-057	Acer-059	Acer-063	Acer-064	Acer-068	Acer-069	Acer-072	Acer-074	Acer-078	Acer-079	Acer-082	Acer-083	Acer-089	Acer-091	Acer-094	Acer-095	Acer-096	Acer-097	Acer-102	Acer-106	Acer-108	Acer-110	Acer-112	Acer-113	Acer-114	Acer-123	Acer-124	Acer-137	Acer-139	Acer-141	Acer-143	Acer-146	Acer-150	
Acropora10	39	80	57	68	62	59	84	69	36	63	86	73	48	45	49	26	55	65	61	19	14	6	38	53	25	23	94	9	30	75	66	86	38	85	61	9	92	86	57	14	23	46	65	74	43	20	29	52	
Acropora100	7	7	2	4	1	3	7	6	0	6	12	8	4	5	4	3	3	2	4	1	2	0	4	3	1	1	1	1	0	4	2	17	2	3	3	2	4	7	4	0	0	1	6	4	0	2	0	6	
Acropora101	89	179	177	106	180	112	186	100	66	110	162	162	83	103	76	83	104	150	103	63	49	23	70	57	36	37	99	28	67	100	108	152	66	106	91	51	137	167	85	41	30	134	153	113	86	43	57	92	
Acropora102	1	9	4	1	3	3	6	6	6	1	6	2	0	4	0	0	2	5	2	2	0	0	2	1	0	0	5	3	3	3	6	4	4	5	5	3	2	6	2	0	0	8	7	4	7	3	5	1	
Acropora103	2	1	15	1	13	5	11	6	2	3	2	2	4	5	4	2	2	2	4	0	4	2	2	2	1	0	2	5	1	2	4	5	0	4	0	1	8	4	3	1	0	9	10	6	3	0	0	0	
Acropora104	25	32	13	19	35	19	47	31	11	24	22	26	22	9	15	7	8	34	25	10	8	3	6	11	13	6	20	4	12	14	21	20	9	22	19	2	54	34	18	6	6	33	45	43	23	7	4	16	
Acropora105	24	22	19	40	11	50	12	39	23	29	47	20	10	28	44	26	33	21	47	0	15	0	13	15	14	23	26	2	1	32	19	76	26	23	17	8	13	54	23	14	11	10	13	38	38	25	6	21	
Acropora106	9	9	7	12	7	19	23	14	6	12	15	12	3	6	18	7	11	10	12	0	7	0	7	5	5	4	30	0	2	11	6	26	7	11	13	3	8	17	15	1	3	6	8	10	19	5	7	7	
Acropora107	1	9	4	0	8	1	7	3	1	4	1	9	4	0	4	2	1	5	1	0	0	0	2	0	0	0	2	0	1	1	1	1	2	0	0	2	1	3	3	0	3	2	1	3	4	0	1	4	
Acropora108	40	981	587	32	561	30	166	68	23	50	47	265	96	83	92	29	12	193	195	39	7	13	12	19	20	34	97	11	60	48	37	38	46	58	61	35	344	107	40	35	43	399	176	175	29	54	70	71	
Acropora109	69	187	150	88	125	78	111	150	50	80	174	119	59	95	57	49	56	190	155	38	23	7	39	100	49	26	111	18	42	86	138	110	44	106	111	32	143	121	69	25	27	87	127	199	61	34	35	96	
Acropora11	88	75	84	79	77	98	94	124	54	96	131	72	38	90	64	39	28	64	116	23	20	5	47	78	24	31	69	8	19	95	69	134	40	102	97	16	57	137	73	27	23	45	54	109	40	20	33	89	
Acropora110	33	26	35	16	34	35	34	30	12	12	39	46	18	22	26	11	10	30	32	4	7	2	14	27	9	14	37	10	5	31	42	44	8	19	33	9	29	19	30	14	14	22	32	48	27	19	4	26	
Acropora111	0	3	2	2	6	2	3	5	1	2	2	1	0	2	3	1	0	5	6	1	0	0	4	4	2	2	2	0	0	1	5	9	0	2	2	0	1	4	5	1	2	2	3	6	3	0	3	1	
Acropora112	11	11	15	9	21	6	10	7	23	24	15	8	11	4	46	23	16	12	12	18	10	4	8	11	11	12	8	6	20	18	15	26	20	11	18	13	14	15	22	12	7	19	15	8	17	32	7	13	
Acropora113	67	110	114	30	116	56	100	74	33	42	66	101	57	41	39	56	29	67	85	24	28	12	17	56	38	17	37	20	40	29	65	119	34	40	45	43	129	59	70	21	21	61	119	85	66	26	53	48	
Acropora114	6	4	6	0	1	5	0	1	0	1	2	0	3	1	1	2	5	0	3	3	1	0	2	3	0	0	2	0	1	7	2	1	1	2	3	1	0	5	0	2	2	1	4	3	5	0	0	2	
Acropora115	0	0	0	0	0	0	0	0	0	0	0	0	0	0	0	0	0	0	0	0	0	0	0	0	0	0	0	0	0	0	0	0	0	0	0	0	1	0	0	0	0	0	0	0	1	0	0	0	
Acropora116	321	521	421	255	468	305	424	441	137	274	423	458	239	333	255	148	169	424	389	105	113	55	156	291	177	112	349	81	147	257	394	527	161	248	328	112	468	446	230	106	134	324	347	521	261	160	137	306	
Acropora117	49	63	37	26	56	43	60	31	16	24	62	60	30	60	27	19	25	57	49	16	5	2	14	31	10	6	40	10	11	26	48	28	7	40	25	6	47	46	28	8	7	34	24	53	18	4	14	35	
Acropora118	71	99	114	61	87	62	105	103	31	77	144	82	24	74	53	37	41	100	103	15	15	7	42	67	24	15	105	10	20	72	113	112	25	79	42	20	57	143	64	19	27	70	44	91	35	42	33	90	
Acropora119	480	559	517	449	537	549	455	687	366	534	769	516	299	611	514	316	330	508	824	141	228	70	244	580	275	171	422	87	172	440	617	765	306	430	477	160	565	606	351	165	257	321	405	798	420	271	108	472	
Acropora12	3	8	2	1	7	6	6	6	2	3	5	7	1	5	5	3	5	7	6	3	3	0	2	2	2	1	2	0	3	4	2	4	0	3	2	2	8	3	2	3	2	0	3	11	2	2	3	4	
Acropora120	17	32	18	5	11	14	13	24	13	9	20	17	11	14	7	8	4	21	20	3	3	0	3	13	6	5	14	1	3	9	30	17	5	7	15	1	12	12	9	1	3	16	12	20	7	2	1	16	
Acropora121	3	2	2	3	2	4	4	7	8	3	14	3	0	11	5	7	5	3	6	1	1	0	2	1	0	5	7	1	2	6	3	7	6	5	1	2	3	9	8	2	1	4	3	4	4	7	4	11	
Acropora122	72	50	42	73	53	70	40	95	43	52	120	35	28	91	76	33	39	37	89	4	27	2	32	56	40	27	151	6	18	113	88	96	71	108	61	9	79	182	38	26	22	51	46	160	69	26	12	134	
Acropora123	317	507	414	352	380	394	263	432	272	318	573	369	200	447	428	255	247	299	430	43	194	33	172	258	253	197	714	37	146	608	485	540	361	612	397	70	518	673	368	128	176	322	460	825	434	196	141	600	
Acropora124	1	3	2	3	2	0	5	2	5	8	8	5	5	3	1	0	1	6	3	3	2	0	0	1	1	0	3	1	3	3	5	4	0	3	2	2	5	8	1	0	1	2	5	3	1	3	1	1	
Acropora125	9	9	6	7	7	9	3	18	14	5	15	7	1	9	9	11	13	3	13	0	4	1	10	2	6	18	10	0	7	9	20	23	9	6	19	4	10	26	5	7	12	7	6	15	18	9	2	9	
Acropora126	11	32	40	5	20	21	44	22	12	13	14	33	17	18	14	2	10	21	24	1	9	2	5	11	4	7	11	8	11	19	28	22	5	11	21	11	40	20	13	10	10	14	52	35	33	3	11	15	
Acropora127	35	91	78	66	93	45	76	57	46	62	93	81	38	58	72	31	55	53	49	18	30	5	42	52	23	23	90	11	32	54	56	85	45	57	47	22	65	87	41	23	14	42	61	74	45	21	14	76	
Acropora128	25	33	23	9	19	34	25	27	11	19	31	29	23	25	15	10	10	21	21	2	6	0	8	20	4	6	25	2	6	20	19	37	12	19	25	5	25	34	15	8	7	15	28	35	11	2	12	25	
Acropora129	24	22	19	24	17	22	22	19	16	25	16	24	13	18	17	18	17	21	22	3	20	4	13	14	26	12	29	5	8	24	28	38	18	27	23	15	24	22	26	16	13	16	34	43	25	20	12	34	
Acropora13	46	48	36	24	25	55	55	39	30	42	39	51	35	27	48	67	30	26	40	14	34	11	19	27	31	27	38	12	9	50	33	47	26	32	35	9	42	43	46	35	12	22	62	77	64	11	27	29	
Acropora130	36	28	27	22	29	41	37	57	46	69	55	24	13	43	83	46	67	29	56	11	34	12	48	32	36	51	52	11	17	37	49	67	57	49	52	12	20	91	71	33	35	17	51	88	75	19	39	59	
Acropora131	0	0	0	0	0	0	0	0	0	0	0	0	0	1	0	0	0	0	0	0	0	0	0	0	0	0	0	0	0	0	0	0	0	0	0	0	0	1	0	0	0	0	0	0	0	0	0	0	
Acropora132	188	365	318	379	253	362	487	325	166	259	743	480	203	493	213	94	177	312	339	42	109	19	153	239	110	86	484	35	67	530	363	351	161	591	246	62	372	441	227	109	128	124	492	524	311	116	59	278	
Acropora133	79	106	109	60	84	70	76	57	83	57	92	86	41	79	93	79	60	42	97	12	47	9	47	32	43	65	77	7	31	81	67	92	71	83	78	22	67	114	95	44	50	65	96	127	85	45	34	85	
Acropora134	7	7	10	9	12	4	2	8	0	3	8	5	2	6	1	2	0	5	14	0	0	0	1	6	1	0	11	0	0	3	6	9	0	8	3	0	6	16	2	2	0	12	4	17	5	1	1	7	
Acropora135	0	0	0	1	0	0	0	1	0	2	3	0	0	0	0	0	0	1	0	0	0	0	0	0	2	1	1	0	0	0	1	0	0	1	0	0	0	2	0	0	0	0	0	1	1	0	0	0	
Acropora136	5	3	1	1	1	0	8	2	6	6	1	4	2	3	2	0	2	0	1	0	0	0	1	2	2	1	2	2	1	0	3	6	2	3	6	0	4	2	5	1	0	0	4	4	6	0	1	1	
Acropora137	19	25	16	20	24	20	31	35	23	27	41	13	10	24	22	18	36	33	27	13	12	4	16	17	15	12	11	1	7	13	21	39	11	22	10	4	14	25	28	2	7	10	17	20	16	5	5	18	
Acropora138	257	335	327	132	255	269	399	284	203	241	255	265	138	199	240	216	207	208	242	51	169	41	124	183	185	203	306	32	136	347	333	454	267	287	427	131	321	535	344	200	198	246	528	497	501	134	207	272	
Acropora139	0	1	0	0	0	2	0	0	1	2	0	0	0	2	0	0	0	3	0	0	0	0	0	0	0	0	0	0	0	0	0	0	0	0	0	0	0	2	0	0	1	0	1	0	0	0	1	1	
Acropora14	132	257	184	55	186	135	129	209	34	39	92	175	60	62	42	34	37	147	217	21	42	15	27	120	74	32	63	15	39	50	156	153	29	68	93	18	150	63	73	27	35	62	129	202	72	19	36	49	
Acropora140	3	2	2	2	2	4	1	2	2	0	7	6	2	7	0	5	1	1	4	1	1	0	0	1	1	1	6	0	3	1	2	0	2	7	5	1	1	1	4	0	1	0	0	5	3	1	0	2	
Acropora141	10	22	7	10	17	13	16	10	30	13	15	12	8	13	16	12	8	4	13	7	0	4	4	10	2	4	12	5	14	17	7	25	10	10	12	14	11	14	12	2	1	19	7	10	9	31	2	9	
Acropora142	40	92	56	37	47	51	47	67	18	40	53	49	12	38	23	21	26	50	67	7	28	4	11	53	15	19	31	5	13	40	69	65	32	41	43	13	41	98	34	18	12	39	43	90	37	10	11	41	
Acropora143	17	21	17	10	10	12	20	21	10	22	21	20	6	12	25	12	12	9	16	6	6	1	6	9	4	7	23	0	9	16	14	30	15	14	14	3	9	22	14	10	5	13	14	28	13	5	4	12	
Acropora144	50	70	51	33	47	53	75	80	35	67	63	53	23	63	41	35	49	41	63	7	31	6	33	41	44	23	68	8	17	70	65	82	26	57	68	12	63	70	49	49	35	30	88	84	50	21	34	56	
Acropora145	2	0	6	5	1	3	5	5	0	2	5	0	0	2	2	0	0	2	8	4	1	0	2	4	3	0	2	0	0	2	2	4	1	3	0	0	2	5	1	1	3	2	0	5	4	0	1	1	
Acropora146	60	121	71	64	102	83	75	73	29	65	95	77	45	92	50	51	44	67	69	11	30	3	32	46	38	12	119	4	17	79	51	79	61	73	64	15	104	130	53	23	37	73	116	156	89	20	29	59	
Acropora148	1	0	0	0	0	0	0	0	0	0	0	0	0	0	0	0	0	0	0	0	0	0	0	0	0	0	1	0	0	0	1	0	0	0	2	0	0	0	0	0	0	0	4	0	0	0	0	1	
Acropora149	0	6	6	2	2	2	4	5	4	5	2	3	3	3	6	4	1	3	5	0	0	0	3	2	2	7	5	0	4	5	7	5	5	2	4	2	4	11	8	3	3	10	5	4	8	3	4	3	
Acropora15	83	145	137	40	107	58	91	100	24	33	71	142	45	57	19	15	24	118	103	22	29	12	18	64	24	21	37	9	14	28	92	103	17	42	29	31	124	91	46	20	20	72	70	123	44	21	33	34	
Acropora150	0	0	0	0	0	1	0	0	0	1	1	3	0	0	1	0	0	0	1	0	0	1	3	1	0	0	0	0	0	0	0	1	1	0	0	0	0	0	1	0	1	0	0	0	0	0	0	0	
Acropora151	10	2	2	0	4	2	6	3	4	1	2	2	2	6	2	5	0	1	2	0	2	0	0	2	1	7	3	0	1	1	5	4	1	0	3	0	5	7	1	1	0	2	6	4	4	3	1	1	
Acropora152	30	64	47	30	39	52	58	46	21	52	54	37	26	30	33	12	33	51	46	6	8	8	25	20	13	10	33	4	12	34	24	61	36	34	19	5	50	55	29	10	13	37	56	43	38	16	12	41	
Acropora153	10	4	10	3	9	12	9	7	5	11	17	14	2	15	8	4	11	8	7	5	9	2	16	6	3	2	12	0	4	17	15	10	4	9	11	5	10	22	11	1	0	15	6	4	6	2	6	17	
Acropora154	7	8	14	12	18	12	15	14	6	14	22	9	13	12	9	12	7	13	14	10	3	3	8	13	3	4	2	4	3	5	21	35	7	16	10	8	13	23	7	6	3	16	10	16	3	11	3	12	
Acropora155	12	12	13	7	6	7	7	12	4	3	8	7	7	5	5	6	5	2	10	0	0	1	1	7	2	1	2	1	0	4	12	10	3	1	5	0	1	9	7	2	5	0	4	12	6	5	0	3	
Acropora156	7	8	11	11	8	7	6	5	4	5	12	8	0	1	3	1	3	9	13	0	3	0	1	11	4	1	9	0	4	4	7	10	3	5	3	2	4	9	7	0	1	3	2	10	5	1	2	4	
Acropora158	1	0	2	0	0	2	0	2	0	0	0	0	0	0	0	0	0	0	4	0	0	0	0	0	0	0	0	0	0	0	1	5	0	0	0	0	0	0	0	0	1	1	0	2	0	0	0	0	
Acropora159	75	76	71	37	76	92	115	108	37	62	74	56	37	41	50	29	46	62	98	15	38	6	31	62	34	49	61	8	45	44	81	159	35	51	111	23	62	89	99	39	63	67	120	146	101	25	32	63	
Acropora16	615	680	694	267	632	512	794	841	128	286	527	681	317	310	208	211	146	618	545	175	143	88	135	619	180	150	336	114	152	332	623	695	110	374	401	136	595	619	310	184	206	497	552	625	340	94	188	328	
Acropora160	86	101	50	60	72	78	81	82	76	58	90	71	35	76	48	43	57	56	93	17	38	3	34	54	30	19	83	9	28	73	79	119	21	44	65	20	56	61	66	27	21	51	66	129	69	38	20	64	
Acropora161	61	165	148	75	167	114	158	126	44	153	153	129	80	69	128	82	80	130	73	47	44	12	38	117	68	23	106	11	35	118	94	107	74	98	31	38	149	165	70	23	20	96	118	183	77	43	52	98	
Acropora162	139	189	167	74	137	113	83	196	27	38	251	161	57	90	49	28	28	180	97	14	25	9	26	211	81	5	124	6	6	154	92	66	31	157	24	15	120	245	37	11	19	111	70	194	76	22	21	152	
Acropora163	230	190	127	76	182	226	166	351	49	115	162	165	66	84	100	62	88	157	210	17	66	9	42	262	137	32	121	6	18	117	179	175	73	94	46	11	144	186	84	42	27	102	77	202	111	41	33	176	
Acropora164	0	4	0	1	0	0	3	0	1	2	1	1	0	0	7	1	1	0	0	0	0	0	0	0	0	0	1	0	0	1	0	2	1	2	1	0	1	1	1	2	0	0	1	1	3	1	0	3	
Acropora165	1	4	1	3	3	3	0	0	5	5	3	0	0	0	0	0	0	1	4	0	1	2	3	0	2	1	5	0	0	6	3	4	0	2	2	0	2	1	3	0	0	2	0	2	1	0	1	4	
Acropora166	0	3	0	1	2	0	2	0	0	1	0	2	0	3	0	1	2	3	0	0	0	0	0	0	1	0	1	0	0	3	0	1	1	2	0	0	2	0	0	0	1	0	2	3	0	0	2	1	
Acropora167	1	0	0	0	0	0	0	0	0	0	0	0	1	0	0	1	1	0	0	0	0	0	0	0	0	0	0	0	0	1	2	1	0	0	1	0	0	1	0	0	0	0	0	1	0	0	0	0	
Acropora168	0	4	0	0	1	0	1	2	0	1	3	1	0	2	4	0	0	0	5	2	1	0	0	2	0	6	0	1	0	0	0	0	0	0	0	0	2	0	0	0	1	0	0	5	0	0	0	3	
Acropora169	2	2	0	0	0	1	0	0	0	0	0	0	0	0	0	0	1	1	0	0	0	0	0	0	0	0	1	0	0	1	1	0	0	3	0	0	0	0	0	0	0	2	0	0	0	0	0	1	
Acropora17	24	51	38	24	25	37	50	30	10	13	47	27	9	27	12	11	16	29	59	4	10	5	9	26	8	6	46	3	15	52	29	37	16	22	21	11	15	29	20	5	15	11	40	46	16	9	16	35	
Acropora170	37	50	55	46	32	48	27	39	10	21	53	43	31	55	40	18	18	41	54	19	7	3	18	34	19	9	44	6	7	34	37	36	23	47	14	9	32	45	26	13	14	32	30	60	26	12	13	26	
Acropora171	38	26	25	25	24	28	24	21	18	25	31	23	19	26	22	17	10	11	30	12	7	6	18	19	20	12	31	5	19	41	17	33	9	29	23	11	32	47	33	9	8	13	22	42	29	6	11	35	
Acropora172	12	31	30	15	21	36	37	22	12	9	47	36	16	33	20	6	14	17	20	5	2	3	9	19	13	5	43	4	11	44	33	21	14	35	15	5	16	22	9	12	5	13	28	42	16	11	5	27	
Acropora173	15	22	27	17	27	31	40	11	10	14	41	20	9	20	13	3	9	16	15	12	6	1	2	13	11	3	17	5	13	29	13	31	8	25	10	4	21	46	24	0	8	12	21	11	17	8	11	31	
Acropora174	5	6	8	0	4	2	5	3	9	0	7	2	2	1	0	8	3	5	3	0	2	0	0	5	1	3	3	1	1	5	1	7	1	2	2	1	4	4	0	0	2	13	6	8	4	1	1	2	
Acropora175	102	126	139	82	96	132	221	198	66	103	162	132	53	123	79	29	98	78	143	26	35	10	72	112	42	27	81	24	22	101	158	168	43	112	109	22	59	133	90	31	37	58	151	176	103	26	22	100	
Acropora176	0	0	0	0	0	0	0	0	1	0	1	0	0	0	2	0	0	0	0	0	0	0	0	0	0	0	0	0	0	0	0	0	0	0	0	0	0	0	0	0	0	0	0	0	0	0	0	0	
Acropora177	0	0	0	0	0	0	1	0	0	0	0	0	0	1	0	0	0	0	0	0	0	0	0	0	0	0	0	0	0	0	0	1	0	0	0	0	0	0	0	0	0	0	0	0	0	0	0	0	
Acropora178	28	22	19	46	40	30	39	43	19	26	52	18	18	57	31	20	18	26	25	3	10	3	22	20	22	9	81	4	12	76	48	46	39	56	25	20	45	135	21	18	18	22	47	59	30	37	17	105	
Acropora179	143	132	98	84	98	76	68	155	47	61	137	115	51	99	59	48	62	111	144	7	52	5	26	122	44	65	74	14	26	99	153	93	64	87	95	21	85	167	111	73	59	73	89	195	116	35	43	91	
Acropora18	0	1	1	3	5	3	1	3	0	2	2	2	3	0	0	0	0	0	0	0	1	0	7	3	0	0	1	0	0	2	3	3	0	2	2	0	0	1	0	0	0	1	2	3	0	0	0	0	
Acropora180	5	7	2	4	5	6	6	3	1	2	4	3	5	7	0	3	2	8	6	0	7	3	5	3	9	5	24	0	7	10	5	7	5	14	10	1	16	24	16	3	9	3	10	24	12	6	3	15	
Acropora181	0	0	0	0	1	0	0	0	0	0	0	0	0	0	1	0	0	0	0	0	0	0	0	0	0	0	1	0	0	0	0	0	0	0	0	0	0	0	0	0	0	0	0	0	0	0	0	0	
Acropora182	0	0	1	0	0	0	0	0	0	0	0	0	0	0	0	0	0	0	0	0	0	0	0	0	0	0	0	0	0	0	0	0	0	0	0	0	0	0	0	0	0	0	0	0	1	0	0	0	
Acropora183	1	0	0	0	0	0	0	0	0	0	0	0	0	0	0	0	0	0	0	0	0	0	0	0	0	0	0	0	0	0	0	0	0	0	0	0	0	0	0	0	0	0	0	1	0	0	0	0	
Acropora184	32	21	23	14	42	27	44	22	9	12	10	19	10	11	7	3	1	27	32	3	3	1	4	46	4	5	10	6	1	13	14	9	1	9	34	6	27	19	14	2	6	18	25	26	11	3	7	7	
Acropora185	3	4	1	3	0	0	1	2	1	1	3	1	1	4	9	0	1	3	3	0	0	0	1	3	1	0	1	4	0	0	4	2	2	4	5	0	0	2	4	1	2	1	4	1	1	2	1	4	
Acropora186	273	327	248	266	247	368	463	346	232	307	384	296	170	287	409	213	266	192	277	99	145	40	225	151	206	132	372	58	150	298	212	406	269	278	244	151	345	356	225	134	143	225	453	368	307	137	177	313	
Acropora187	3	3	2	2	3	3	6	3	2	4	6	1	1	4	2	3	4	4	2	0	3	1	2	4	2	9	15	2	4	11	12	19	5	12	4	3	8	8	22	8	6	0	31	17	19	0	6	6	
Acropora188	0	0	0	0	0	1	0	0	0	0	0	0	0	0	0	0	0	0	0	0	0	0	0	0	0	0	0	0	0	0	0	0	0	0	0	0	0	0	0	0	0	0	0	0	0	0	0	0	
Acropora189	15	23	15	11	24	21	34	29	16	21	31	15	13	12	30	9	14	13	22	12	7	8	14	15	13	12	23	5	12	30	24	38	11	22	22	8	16	22	16	13	9	16	18	17	15	14	6	14	
Acropora19	90	129	134	78	84	115	252	117	87	142	135	109	56	91	126	70	87	118	99	33	55	14	82	80	71	51	85	23	47	113	127	174	94	95	121	42	87	117	117	76	67	71	195	161	116	69	73	71	
Acropora190	6	8	12	6	11	9	16	18	11	18	11	10	5	8	23	4	10	2	6	2	2	2	9	15	11	6	18	2	6	19	8	24	12	3	7	4	11	15	17	8	0	6	5	10	5	8	9	9	
Acropora191	12	15	6	14	13	11	26	21	14	22	20	16	5	12	11	3	8	5	12	2	10	3	4	12	7	5	19	1	4	15	14	17	12	12	16	6	7	11	17	2	1	3	21	17	6	2	1	12	
Acropora192	3	9	10	2	6	9	5	8	7	3	12	5	1	13	7	2	6	7	10	1	1	0	2	7	3	3	13	1	2	6	9	13	7	10	4	6	4	15	5	4	3	1	9	7	7	4	3	6	
Acropora193	125	136	120	81	128	116	131	138	63	102	124	128	60	113	76	40	76	97	115	7	43	7	36	86	48	43	82	10	41	124	99	162	71	88	104	16	103	174	98	36	31	65	153	196	126	33	38	84	
Acropora194	6	23	9	5	15	13	7	11	14	5	15	10	2	9	18	7	6	6	9	0	11	0	8	2	7	5	4	0	8	7	11	15	9	6	8	1	14	18	9	7	7	2	11	21	22	2	3	7	
Acropora195	41	22	36	28	32	32	42	46	21	22	26	27	16	20	25	29	26	29	34	4	13	5	16	12	7	21	26	3	12	22	25	52	17	16	25	7	27	43	18	11	14	18	23	37	26	7	12	34	
Acropora196	14	16	14	19	25	18	24	23	12	20	22	16	7	14	7	5	14	14	18	0	6	0	4	16	8	3	9	4	8	16	21	27	6	20	16	2	17	29	12	2	6	7	14	31	12	4	4	7	
Acropora197	33	28	38	23	18	37	25	37	15	20	23	14	18	14	45	40	22	31	51	5	18	3	9	29	25	34	15	5	12	25	44	43	26	19	33	9	27	42	41	27	24	17	30	81	37	15	10	12	
Acropora198	122	164	187	92	139	166	215	183	55	144	217	141	63	132	94	37	63	135	152	38	45	8	77	129	60	43	130	20	32	140	144	198	63	143	109	37	130	221	92	34	42	73	164	194	107	25	60	127	
Acropora199	55	76	112	72	59	129	143	85	39	71	174	131	60	95	46	15	40	90	106	14	27	5	33	90	19	12	93	3	19	119	121	81	20	106	51	8	80	96	67	8	26	24	114	144	45	20	13	85	
Acropora20	0	1	2	0	0	1	1	4	0	0	1	2	1	0	0	0	2	0	0	1	0	0	3	1	0	0	0	0	0	1	0	2	2	1	2	0	2	2	1	0	0	3	2	0	1	0	2	1	
Acropora200	3	13	11	4	5	5	7	4	3	3	9	16	6	12	7	0	1	7	8	6	4	0	2	7	1	0	2	3	1	9	9	3	1	6	0	0	5	6	1	0	0	2	6	10	2	1	0	5	
Acropora201	10	29	24	19	19	24	25	10	6	10	38	25	6	37	24	8	26	25	29	12	11	8	18	12	8	8	35	1	15	55	19	15	20	27	6	5	11	15	15	2	6	9	38	42	13	11	9	22	
Acropora202	53	58	58	32	47	49	95	117	38	70	70	68	16	45	41	10	32	44	72	8	30	9	23	61	21	9	35	4	22	43	85	89	26	50	32	9	31	66	39	10	14	32	61	56	31	18	9	36	
Acropora203	37	45	49	15	35	37	71	76	37	56	66	50	19	38	34	15	28	47	50	16	19	6	17	37	23	8	23	18	21	34	52	80	20	23	45	13	22	55	44	16	17	15	42	57	34	16	11	24	
Acropora204	0	0	2	0	0	0	2	1	1	2	2	1	1	1	1	0	0	0	2	0	1	0	0	0	0	0	0	1	1	0	3	3	1	0	0	0	0	0	0	1	0	0	1	0	3	0	0	1	
Acropora205	5	6	7	4	3	3	4	3	2	6	7	5	1	5	4	5	2	1	10	0	1	4	3	5	1	1	2	0	0	1	2	8	2	1	1	1	4	9	7	1	6	0	4	1	6	1	3	0	
Acropora206	1	2	0	0	0	2	3	2	3	1	0	1	1	1	0	0	1	0	2	0	0	0	0	1	0	0	1	0	2	2	1	3	0	1	2	1	2	2	0	0	1	0	2	2	0	0	0	1	
Acropora207	5	1	2	0	0	0	0	2	0	0	1	3	0	0	3	0	0	4	1	0	0	0	0	4	2	0	0	0	0	1	5	5	0	0	0	0	0	0	0	0	0	2	0	2	3	0	0	1	
Acropora208	0	0	0	0	0	0	0	0	0	0	0	0	0	0	0	0	0	0	1	0	0	0	0	0	0	0	0	0	0	0	0	1	0	0	0	0	1	1	0	0	0	0	0	0	0	0	1	0	
Acropora209	8	9	17	9	10	7	8	18	2	11	11	8	3	7	9	9	8	10	19	4	1	0	2	13	9	4	15	1	1	9	8	7	2	11	2	1	14	12	2	4	4	7	6	13	2	6	2	7	
Acropora21	2	18	5	5	5	7	4	6	4	3	10	1	2	7	5	3	4	4	5	6	4	2	2	0	2	2	6	0	2	7	6	6	1	3	3	1	4	3	5	6	5	3	3	8	5	2	6	6	
Acropora211	0	0	2	3	2	3	4	5	0	0	2	2	0	6	1	2	2	12	2	1	2	0	1	2	0	1	4	1	0	2	1	1	0	4	1	0	5	7	1	0	1	1	2	4	1	1	0	4	
Acropora212	22	46	51	33	42	31	36	45	19	32	50	36	14	42	39	13	22	30	40	6	24	6	9	37	13	15	31	12	17	33	36	55	12	30	34	6	40	51	20	12	18	33	40	55	35	22	10	23	
Acropora213	14	11	24	14	19	13	10	18	12	20	16	13	6	11	26	16	11	20	12	9	5	1	13	12	5	12	14	10	7	16	16	39	11	12	17	10	9	26	14	9	9	11	22	20	20	8	7	23	
Acropora214	0	0	0	0	1	0	0	0	0	0	0	0	0	0	0	0	0	0	0	0	0	0	0	0	0	0	0	0	0	0	0	0	0	2	0	0	1	0	0	0	0	0	0	0	0	0	0	0	
Acropora215	5	2	1	4	7	3	0	16	0	0	6	4	1	6	10	2	0	5	3	0	4	0	0	3	0	0	10	4	2	5	1	3	0	5	2	1	1	5	3	5	0	2	1	5	0	2	0	7	
Acropora216	0	0	0	0	1	2	1	1	2	3	1	0	0	4	0	1	1	3	10	0	0	0	0	3	2	0	1	0	0	2	0	1	0	1	8	0	1	0	0	1	0	2	0	1	2	2	2	0	
Acropora217	3	2	2	1	0	2	3	1	0	2	3	2	0	1	0	0	0	0	3	0	0	0	1	2	0	1	7	0	0	4	9	4	1	2	2	0	1	3	3	0	0	0	0	3	2	0	0	2	
Acropora218	8	0	7	7	1	8	3	15	2	8	9	3	1	3	3	3	2	2	13	0	3	1	1	6	2	2	12	0	0	3	15	6	3	7	6	0	8	8	0	0	0	1	1	9	8	4	0	18	
Acropora219	2	1	1	2	0	1	0	3	1	0	1	1	0	4	1	0	0	3	4	0	0	0	0	3	0	2	2	0	0	1	4	2	1	0	1	0	1	1	0	1	1	1	1	4	2	0	0	0	
Acropora22	221	280	238	145	270	211	252	288	140	176	244	240	88	188	165	122	116	188	227	44	61	13	92	228	92	75	194	17	69	213	248	279	123	186	219	61	208	367	157	84	110	152	233	368	238	92	67	194	
Acropora220	23	17	18	21	18	32	5	40	8	20	48	14	2	23	13	6	14	19	39	0	11	0	8	24	12	6	21	2	1	31	34	21	3	22	12	2	10	26	13	6	5	1	9	34	10	6	3	18	
Acropora221	7	12	6	6	3	8	2	9	6	10	8	8	9	4	15	9	17	5	12	4	3	1	3	10	5	4	4	12	3	6	5	14	4	6	9	4	7	10	5	16	4	8	5	6	7	5	5	6	
Acropora222	10	23	19	13	11	8	19	10	12	11	16	16	11	11	31	13	9	11	15	1	3	2	8	15	8	5	9	3	2	11	17	28	7	6	10	7	11	31	12	6	11	14	20	14	10	10	10	16	
Acropora223	9	4	13	8	7	6	9	12	7	10	16	3	0	8	3	9	14	2	7	1	0	1	4	2	5	1	4	0	0	9	6	15	1	8	4	4	9	23	6	5	3	8	15	7	16	4	5	2	
Acropora224	14	27	29	23	13	13	38	14	15	31	29	22	16	9	25	19	17	20	18	5	16	1	6	10	5	8	19	4	8	20	14	33	16	22	8	2	23	26	13	7	13	6	23	15	26	9	12	24	
Acropora225	23	34	33	44	13	40	26	45	39	59	99	27	15	40	68	43	43	29	48	7	18	1	27	31	9	8	32	2	9	25	36	63	22	34	12	5	14	64	23	11	10	11	15	45	18	8	8	41	
Acropora226	1	4	1	3	1	4	0	0	0	0	5	0	0	1	1	0	2	4	0	0	0	0	1	0	0	2	0	0	0	2	0	1	0	1	0	1	2	2	6	3	0	0	1	2	5	3	0	1	
Acropora227	37	13	38	34	28	32	47	27	25	22	35	23	13	24	26	35	27	16	30	2	15	8	12	17	16	11	22	3	6	44	26	35	19	19	29	6	31	41	32	21	24	18	35	55	25	14	22	30	
Acropora228	0	2	0	0	0	0	0	0	0	0	0	0	0	0	0	0	0	1	1	0	0	0	1	0	0	2	0	0	0	0	1	2	0	1	0	0	0	0	0	1	0	0	1	1	0	0	0	0	
Acropora229	0	0	1	0	0	1	1	0	0	0	1	0	0	0	1	0	0	0	0	0	0	0	0	0	0	0	0	0	0	2	0	1	0	0	0	0	1	0	0	0	0	0	0	0	0	0	0	2	
Acropora23	117	109	129	84	96	96	110	134	117	106	141	102	63	66	159	183	116	89	117	28	113	30	76	66	54	83	81	23	37	92	100	204	77	84	80	40	75	180	162	73	70	87	91	137	124	42	62	70	
Acropora230	1986	3550	3779	3374	3037	2995	3534	4354	1128	2847	6087	3904	1588	3920	1195	681	1296	3760	3555	616	576	224	1393	3377	1311	631	3364	360	562	3694	3267	3179	913	3824	1689	494	3219	5059	1619	556	717	1517	2731	4090	1757	673	630	3350	
Acropora231	7	29	23	16	19	9	24	21	1	13	39	32	16	21	1	2	5	20	46	5	2	2	1	10	8	0	21	0	6	19	30	3	1	19	7	3	22	27	2	1	2	10	17	38	13	2	2	19	
Acropora232	11	75	89	51	38	46	51	71	15	15	131	106	28	72	9	5	10	60	94	14	5	1	4	60	23	5	65	3	5	70	78	35	7	59	9	3	74	68	20	2	4	21	28	103	22	5	2	62	
Acropora233	1	3	0	1	1	3	2	3	0	2	9	3	2	2	0	0	0	4	7	0	0	0	0	1	0	0	1	0	0	5	5	1	0	4	0	0	3	7	0	0	0	0	2	2	1	0	0	0	
Acropora234	10	25	31	33	26	30	18	35	2	18	59	48	7	30	4	2	4	34	33	6	4	0	5	25	9	2	31	1	1	33	37	12	3	30	5	5	28	49	4	1	1	8	17	35	7	0	5	21	
Acropora235	0	0	0	1	1	0	0	2	0	1	1	3	1	1	0	0	0	1	1	0	0	0	0	0	2	0	0	0	0	2	0	1	0	0	0	0	0	1	0	0	0	0	0	0	0	0	0	0	
Acropora236	0	2	0	1	1	3	3	0	0	0	2	1	1	4	0	0	0	2	6	0	0	0	0	1	0	0	2	0	0	5	2	2	0	2	0	0	0	2	0	0	0	0	0	2	0	0	0	2	
Acropora237	22	51	29	28	42	23	32	45	6	14	54	49	28	62	6	9	13	49	40	3	0	0	4	34	8	2	45	2	5	48	38	26	7	47	12	1	40	94	7	5	5	17	18	66	17	0	7	29	
Acropora238	0	0	0	0	0	0	0	1	0	0	1	2	0	0	0	0	0	0	0	0	0	0	0	0	0	0	0	0	1	0	0	1	0	0	0	0	1	0	2	0	0	0	0	0	0	0	0	0	
Acropora239	6	3	12	0	5	5	6	5	4	5	4	7	4	5	2	2	7	7	8	0	5	1	1	3	3	18	6	0	7	8	4	5	3	12	5	4	9	23	8	3	6	13	9	16	7	4	0	10	
Acropora24	53	74	83	51	80	58	84	66	35	72	93	44	29	76	57	54	58	54	86	10	37	9	38	46	33	26	71	3	32	62	64	85	55	64	70	13	69	103	62	46	30	39	82	119	78	23	17	66	
Acropora240	3	9	4	6	3	7	10	8	3	6	3	3	0	5	3	5	3	9	5	1	4	0	1	1	0	4	2	0	2	1	9	9	0	2	0	0	4	7	1	5	6	1	6	3	5	2	2	3	
Acropora241	782	1046	1068	791	933	897	971	1156	315	637	1507	1275	542	817	404	210	374	1141	1086	249	180	91	331	902	337	197	874	194	196	977	1053	1004	281	915	591	168	917	1127	476	188	291	595	745	1183	436	212	276	828	
Acropora242	331	631	519	436	509	486	481	639	139	335	913	715	256	493	188	101	169	574	600	122	94	30	151	388	175	85	445	49	83	576	582	451	141	505	304	67	509	635	284	119	114	263	436	679	261	88	95	410	
Acropora243	3	2	1	2	2	3	1	1	2	2	1	2	1	3	1	0	1	6	1	1	0	0	1	2	0	0	1	1	0	2	2	4	0	1	2	0	0	3	2	0	1	0	0	4	5	0	1	0	
Acropora244	123	145	157	94	111	161	173	129	57	79	137	119	68	95	90	48	75	73	132	13	64	19	52	97	49	54	99	10	25	129	123	126	55	88	109	38	76	161	120	59	48	76	122	254	130	35	38	90	
Acropora245	99	105	110	41	78	119	122	98	69	103	85	84	39	78	77	35	75	75	111	14	69	7	35	74	51	47	112	10	35	124	129	135	67	111	109	29	83	148	93	51	30	72	168	178	121	49	25	95	
Acropora246	24	28	26	31	26	38	48	31	26	38	39	38	20	27	25	19	22	20	19	12	24	6	11	19	8	17	26	7	26	40	29	61	24	29	33	12	22	44	39	10	7	20	25	42	41	20	11	29	
Acropora247	13	18	9	21	18	12	18	15	5	15	18	18	10	15	16	12	18	9	18	8	10	0	12	8	22	3	17	0	10	24	14	24	7	15	10	2	11	11	11	4	8	16	19	20	20	5	2	4	
Acropora248	0	0	0	0	2	0	0	0	0	1	0	0	0	0	2	0	0	0	2	0	0	0	0	0	0	0	0	0	0	0	2	2	0	0	0	1	0	0	0	0	0	0	3	2	3	0	0	0	
Acropora249	0	0	0	0	0	0	0	0	0	0	1	1	0	1	0	0	0	0	0	0	0	0	0	0	0	0	0	0	0	0	0	1	0	1	0	0	0	0	0	0	0	0	0	0	0	0	0	0	
Acropora25	0	0	0	0	0	0	0	0	0	2	0	0	0	1	1	0	0	0	1	0	1	0	0	0	0	0	0	0	0	0	0	0	0	0	0	0	0	0	0	0	0	0	0	0	0	0	0	0	
Acropora250	2	2	5	0	7	2	0	4	0	6	8	4	2	4	6	0	1	1	8	0	0	3	1	3	3	3	9	0	0	7	3	8	2	4	6	0	4	5	6	2	2	4	8	15	2	1	0	7	
Acropora251	267	316	321	141	281	241	354	357	161	187	223	251	128	195	177	141	167	228	260	37	133	24	106	181	112	84	171	31	66	164	221	364	103	145	207	54	157	414	176	85	107	205	216	388	196	65	118	177	
Acropora252	15	9	10	6	4	7	14	8	3	2	9	5	1	10	7	2	11	7	12	0	3	1	4	3	4	7	5	0	1	11	9	11	4	6	7	2	3	15	12	4	3	5	9	16	5	2	2	13	
Acropora253	2	16	15	8	8	12	12	15	3	10	16	10	4	12	4	3	4	13	14	2	2	7	3	11	6	1	16	3	1	7	9	9	4	13	16	3	18	28	5	3	3	7	13	14	12	2	6	9	
Acropora254	3	4	4	9	3	3	10	7	5	9	9	3	5	5	3	5	3	8	9	4	4	0	7	4	4	2	9	2	3	5	6	3	5	8	9	6	10	20	2	0	3	7	7	6	2	0	4	7	
Acropora255	37	77	72	38	48	41	45	68	21	39	63	58	25	47	36	19	31	47	54	7	10	9	15	32	9	13	39	11	13	39	39	58	18	46	32	9	50	54	14	12	17	28	40	67	25	10	13	34	
Acropora256	32	27	24	26	35	27	41	39	31	44	28	43	22	30	41	31	40	29	50	13	26	13	21	25	20	17	19	2	20	22	22	57	26	28	28	23	45	42	30	15	22	29	34	35	33	9	15	28	
Acropora257	8	7	5	2	10	7	3	5	1	12	9	3	2	6	1	2	2	5	14	2	2	0	4	6	0	2	6	0	1	5	14	5	2	1	5	2	7	10	3	3	3	0	4	5	5	3	1	9	
Acropora258	1	0	0	0	0	0	1	1	0	0	1	1	0	0	1	0	3	0	0	0	3	0	0	0	0	0	0	0	0	1	1	0	0	1	1	0	1	2	1	1	0	0	0	1	1	0	0	0	
Acropora259	8	10	4	2	4	4	11	7	14	8	10	7	6	2	7	4	2	9	13	0	4	0	5	3	2	3	9	0	3	4	19	9	4	6	10	0	5	13	13	1	1	5	11	7	7	1	3	4	
Acropora26	53	78	83	46	66	77	90	93	25	39	93	76	41	71	55	15	43	54	67	9	34	9	15	62	31	25	50	1	19	87	74	41	28	56	58	12	53	61	36	17	27	32	72	97	51	18	23	48	
Acropora260	1	4	3	2	2	1	3	2	2	2	7	3	0	5	2	0	1	3	4	0	0	0	0	1	1	1	7	0	0	1	3	6	1	5	1	0	1	4	2	3	0	1	7	8	4	1	3	3	
Acropora261	12	8	15	9	13	5	11	14	6	13	9	10	8	8	20	4	8	11	8	8	7	0	3	8	2	12	1	0	4	12	8	15	8	7	20	5	7	21	11	6	9	14	23	29	12	7	6	7	
Acropora262	19	14	11	10	9	17	15	12	3	7	25	8	11	9	13	11	9	13	10	2	3	3	16	6	5	1	8	0	1	7	6	21	4	7	8	4	10	12	15	1	3	9	6	11	14	11	1	11	
Acropora263	32	39	24	18	32	24	20	29	22	35	37	29	16	31	32	16	22	53	28	13	14	8	16	37	7	18	16	7	11	25	37	19	19	47	13	6	40	46	19	19	15	24	29	36	20	10	15	36	
Acropora264	12	15	7	6	4	11	12	7	6	7	11	7	5	9	3	5	2	9	16	2	5	2	1	5	5	3	3	4	4	6	8	10	7	5	1	0	7	14	7	1	1	3	14	7	8	5	4	11	
Acropora265	0	0	0	1	0	0	0	2	1	0	0	3	2	3	1	0	4	0	0	0	0	0	0	0	0	1	0	1	0	0	0	1	0	1	1	0	0	1	0	0	0	0	0	0	0	0	0	0	
Acropora266	0	1	0	0	0	0	0	0	0	0	0	0	0	0	0	0	0	0	0	0	0	0	0	0	0	0	0	0	0	0	0	0	0	0	0	0	0	0	0	0	0	0	0	0	0	0	0	0	
Acropora267	18	28	8	10	34	27	20	15	8	22	27	22	6	27	11	11	15	28	19	10	6	3	5	13	6	7	63	4	15	34	11	31	7	33	11	8	28	35	11	10	6	15	22	32	9	13	17	44	
Acropora268	23	21	25	15	10	23	27	33	17	17	36	27	12	28	11	9	18	12	25	2	10	0	10	18	3	11	22	0	12	23	20	26	5	27	21	4	26	32	15	7	10	13	25	33	29	13	5	22	
Acropora269	22	18	31	16	22	33	41	32	8	24	47	24	8	16	21	23	16	38	28	5	16	1	16	26	15	13	16	7	5	17	29	39	11	16	20	4	17	24	19	16	6	12	23	33	7	7	5	21	
Acropora27	9	18	10	3	9	21	18	15	14	14	6	5	4	18	10	10	17	18	12	6	7	5	3	17	8	10	19	7	14	19	6	18	19	16	14	5	4	14	9	5	10	13	18	29	27	6	13	11	
Acropora270	7	6	14	10	2	3	8	6	9	13	17	4	3	9	9	19	8	9	10	3	4	4	5	1	1	4	4	2	11	7	2	13	11	4	8	0	11	10	3	1	2	6	7	1	5	9	0	13	
Acropora271	0	1	3	1	3	6	4	1	0	1	0	1	0	2	1	0	1	1	2	0	0	0	2	0	2	0	3	0	1	3	3	1	1	1	1	0	4	5	5	0	4	1	2	3	6	1	2	4	
Acropora274	6	3	8	3	10	8	5	10	9	5	8	5	4	5	8	3	1	3	5	3	2	0	1	7	0	2	4	0	0	6	5	16	0	3	5	0	5	13	5	2	3	3	4	7	4	2	2	4	
Acropora275	2	8	5	3	1	2	2	2	3	1	1	2	0	5	0	4	5	2	1	0	4	0	1	3	0	0	3	2	0	3	0	2	0	1	0	0	2	3	6	1	2	0	3	4	1	1	2	0	
Acropora276	1	0	2	1	1	1	3	4	1	3	2	4	0	3	2	2	1	3	5	0	3	0	0	0	1	1	3	0	1	5	4	8	1	1	0	2	1	3	1	2	2	1	0	2	2	2	0	0	
Acropora277	107	158	150	100	113	87	109	149	74	133	218	139	73	134	116	122	109	106	173	15	56	9	66	96	60	52	72	10	29	87	126	151	95	100	69	28	79	189	83	37	49	60	128	209	116	36	24	75	
Acropora278	12	27	15	7	20	20	15	18	11	30	25	19	4	12	8	11	6	20	10	2	4	5	10	13	4	2	13	0	4	8	20	29	7	8	8	1	5	21	4	2	2	9	13	21	12	9	4	9	
Acropora279	20	24	24	23	18	22	25	42	7	30	35	21	7	15	7	5	11	18	23	7	4	2	12	20	4	6	23	1	7	21	20	35	4	17	12	7	9	33	12	4	3	18	21	29	14	3	4	14	
Acropora28	19	36	20	18	20	20	23	24	10	9	25	27	10	29	9	6	7	25	28	3	15	3	6	10	3	5	15	1	3	18	27	23	14	22	19	6	14	15	9	7	8	11	28	35	13	1	7	12	
Acropora280	73	106	115	61	138	71	69	121	29	51	108	72	37	82	71	27	41	75	133	12	23	8	37	140	35	20	51	11	14	53	144	100	38	69	90	23	76	105	46	32	40	49	72	151	52	22	16	68	
Acropora281	1	3	3	1	3	3	1	2	0	1	1	0	0	2	1	2	4	2	0	3	0	0	1	2	0	0	3	1	0	1	2	3	1	0	1	0	3	4	4	1	3	0	0	4	0	5	4	1	
Acropora282	8	7	21	14	13	10	17	13	9	7	9	15	6	21	3	5	4	9	20	0	1	1	3	3	6	4	13	0	0	10	6	11	3	12	8	1	10	18	11	0	2	5	8	25	4	0	0	3	
Acropora283	0	0	0	0	0	0	0	0	1	1	1	0	0	1	0	0	0	1	0	0	0	0	0	0	0	1	1	0	0	0	0	0	0	0	0	0	0	0	0	0	0	0	4	0	0	0	0	1	
Acropora284	7	5	17	4	8	1	3	11	3	8	11	7	5	14	8	2	3	4	11	2	3	0	3	9	3	3	9	0	1	4	11	15	5	8	7	0	3	13	15	1	4	6	4	14	1	3	4	2	
Acropora285	5	6	3	3	3	7	7	6	1	2	4	4	1	2	3	1	2	2	3	1	0	0	6	1	0	1	6	1	2	2	4	4	0	6	4	0	1	5	3	4	1	2	4	5	3	2	3	3	
Acropora286	1	0	1	0	0	3	1	1	0	1	0	0	1	0	1	0	0	1	0	0	1	0	0	1	0	0	0	0	0	1	0	1	0	0	2	0	1	7	0	0	0	0	3	3	1	0	1	0	
Acropora287	6	18	21	12	8	18	21	19	3	7	11	13	4	8	8	1	15	8	19	1	10	0	3	14	4	5	8	1	1	34	9	10	11	14	11	6	11	13	6	6	9	3	16	20	16	4	6	18	
Acropora288	6	8	10	3	3	5	6	5	5	13	9	7	4	6	7	5	6	2	8	3	7	0	7	6	7	9	14	0	10	17	12	21	9	13	12	2	8	32	20	7	10	8	20	19	13	3	7	18	
Acropora289	7	5	2	3	3	4	5	6	3	4	10	8	4	2	9	3	1	4	6	7	4	3	2	6	5	7	6	1	2	4	8	6	2	6	4	3	5	9	1	2	0	5	3	12	4	0	1	4	
Acropora29	45	84	58	62	87	70	81	106	31	64	87	74	21	62	59	15	39	89	93	20	11	6	27	48	23	11	79	25	15	39	59	92	17	43	61	15	55	109	40	16	21	54	46	73	24	22	45	64	
Acropora290	4	8	5	4	3	6	2	4	2	2	11	8	2	11	7	3	9	2	8	3	5	0	0	5	2	3	12	2	1	7	3	8	5	14	6	1	2	15	2	1	6	2	5	23	8	4	1	3	
Acropora291	1	1	2	1	1	1	0	0	0	1	1	1	0	0	0	0	1	3	0	0	0	0	0	1	0	0	0	0	2	0	1	2	1	1	0	0	2	1	1	0	0	0	1	2	0	0	1	0	
Acropora292	3	8	6	1	3	5	11	4	2	3	5	4	1	3	5	3	3	2	3	3	2	0	5	3	3	1	4	0	2	6	7	5	3	4	0	0	8	4	5	1	2	7	4	9	7	0	1	8	
Acropora293	0	2	1	5	3	3	0	2	0	3	0	3	0	0	4	0	2	1	5	0	2	0	1	0	0	0	0	0	0	4	3	2	2	1	1	0	2	1	1	0	0	1	4	6	1	0	0	2	
Acropora294	0	0	0	0	0	0	0	0	0	0	0	0	0	0	0	0	0	0	0	0	0	0	0	0	0	0	0	0	0	1	0	0	0	0	0	0	0	0	0	0	0	0	0	0	0	0	2	0	
Acropora295	45	30	24	20	28	22	21	30	15	13	48	23	12	16	32	38	24	21	42	2	24	1	21	22	14	21	18	3	11	23	42	36	19	14	12	5	28	28	36	25	19	11	33	43	51	11	6	18	
Acropora296	16	19	23	14	38	26	37	31	15	15	44	20	7	16	17	16	17	33	21	9	9	6	11	16	17	12	18	2	8	31	29	37	14	24	18	4	25	40	13	10	13	26	22	24	21	6	19	21	
Acropora297	101	224	151	96	202	177	184	155	69	65	175	118	144	113	150	115	87	174	143	32	39	10	40	94	59	53	190	33	49	147	147	172	72	85	118	75	298	155	80	44	97	152	147	151	168	39	69	137	
Acropora298	24	22	16	16	27	34	33	23	13	20	37	28	17	36	34	16	16	22	21	4	9	2	10	20	3	10	27	8	12	31	46	43	10	19	35	16	34	23	22	10	12	14	31	23	12	13	19	29	
Acropora299	250	199	150	147	130	207	274	145	130	152	247	156	123	159	279	159	199	82	227	33	155	49	129	112	94	164	166	21	84	205	172	259	173	165	181	82	160	269	246	157	109	123	279	281	229	91	127	162	
Acropora30	10	10	11	11	7	6	4	20	6	9	11	5	1	9	1	6	6	7	20	1	2	1	8	13	7	2	10	1	2	9	9	10	10	8	3	1	14	9	1	2	0	6	5	15	1	1	4	4	
Acropora300	61	188	167	62	146	54	159	81	42	47	80	161	88	49	48	33	46	118	81	26	39	14	17	49	51	26	75	24	59	99	64	92	36	72	72	63	212	132	90	59	48	145	230	142	91	28	82	69	
Acropora301	197	253	263	111	218	222	243	294	84	169	236	198	72	191	148	109	97	201	236	41	70	17	76	185	83	67	190	21	39	187	214	311	111	163	172	48	183	326	156	75	91	145	200	293	169	57	80	167	
Acropora302	15	5	9	15	8	22	10	10	9	8	8	9	1	11	13	7	12	5	20	1	1	0	3	9	6	4	16	0	4	23	17	16	9	3	13	2	9	19	11	4	8	1	16	17	14	7	3	6	
Acropora303	9	11	12	6	12	11	10	9	10	5	11	6	13	6	19	18	13	11	14	6	8	2	10	7	3	5	5	1	4	19	8	20	18	6	14	4	14	8	15	5	4	18	12	26	16	5	8	10	
Acropora304	2	9	5	0	2	5	2	2	0	1	2	7	3	1	1	0	1	0	1	0	0	0	0	0	0	0	5	0	0	1	0	1	2	3	1	0	3	1	2	0	0	2	2	1	3	0	0	1	
Acropora305	8	13	21	11	9	13	20	18	2	17	16	10	2	13	8	7	4	17	16	7	6	4	4	9	8	9	23	2	4	13	12	20	5	11	11	1	8	24	11	2	4	10	14	20	10	1	4	9	
Acropora306	0	1	0	0	0	1	0	0	0	0	0	0	0	0	0	0	1	2	0	0	0	0	1	0	1	0	1	0	0	1	1	0	0	0	1	0	0	0	0	0	0	0	1	0	0	0	0	0	
Acropora307	2	3	2	8	3	1	0	3	10	5	4	1	3	0	4	2	3	2	4	8	2	3	4	3	4	3	1	13	6	0	0	4	3	2	2	2	4	2	5	1	0	7	0	5	1	6	2	4	
Acropora308	0	0	0	0	0	0	0	0	0	0	1	0	0	0	0	0	0	0	0	0	0	0	0	0	0	0	0	0	0	0	0	0	0	0	0	0	0	0	0	0	0	0	0	0	0	0	0	0	
Acropora31	3	2	3	0	4	0	3	8	4	5	9	9	3	3	7	2	7	3	4	1	1	0	6	4	4	3	6	0	0	8	4	7	7	0	2	0	3	12	2	0	4	3	2	4	5	0	0	5	
Acropora310	12	7	5	4	6	4	6	16	5	4	10	1	0	2	4	1	1	5	5	1	1	0	0	5	1	1	0	1	3	4	4	14	2	2	1	0	7	13	3	1	1	3	4	6	7	1	0	1	
Acropora311	13	16	16	9	9	13	15	27	14	8	7	7	11	8	15	15	6	7	7	12	11	0	7	14	13	7	7	13	8	28	11	32	6	21	15	10	8	15	12	4	12	8	23	19	20	21	8	9	
Acropora312	9	5	5	2	4	4	10	10	3	3	3	5	6	9	6	3	5	2	4	0	4	0	3	4	4	5	13	0	0	5	4	15	5	8	7	0	5	8	10	3	0	2	10	15	7	0	7	9	
Acropora313	6	5	3	2	2	5	4	2	1	3	6	3	1	2	4	0	7	2	1	2	0	0	2	1	2	0	1	0	0	3	3	3	2	0	3	0	0	2	0	1	0	3	5	6	6	5	0	1	
Acropora314	13	6	9	4	6	3	7	7	3	7	5	14	4	11	10	3	5	7	6	1	12	2	1	4	7	7	8	0	5	14	9	11	7	6	4	5	9	23	6	10	6	2	7	19	15	1	4	11	
Acropora315	194	237	226	137	212	209	287	320	101	206	294	215	90	218	158	122	145	248	251	54	73	18	131	176	96	84	173	16	53	191	234	366	119	151	183	43	194	332	167	93	68	141	202	267	172	32	80	172	
Acropora316	2	4	0	3	6	8	5	1	1	5	0	4	3	1	3	2	2	2	5	2	2	0	2	0	1	2	4	1	3	5	1	0	4	2	2	0	0	2	4	2	0	2	3	6	5	1	2	2	
Acropora317	4	21	4	6	11	6	19	10	6	8	13	6	10	5	7	4	8	3	7	0	1	1	4	1	9	1	8	2	3	12	4	4	4	11	9	4	4	10	6	7	2	4	6	16	8	3	3	8	
Acropora318	22	54	33	23	44	44	46	34	30	25	50	27	37	35	64	24	39	30	31	24	21	15	24	19	17	14	34	7	35	51	32	59	23	28	27	31	37	34	29	13	12	39	38	39	28	16	13	31	
Acropora319	128	162	137	92	105	120	134	110	111	124	164	140	88	114	176	162	175	104	132	58	113	33	80	70	59	117	88	15	79	154	110	141	103	108	82	30	102	111	155	87	84	63	142	181	183	59	74	92	
Acropora32	20	36	16	21	19	15	27	24	25	43	30	39	6	31	40	9	47	12	10	0	5	4	13	7	7	3	23	8	3	30	19	26	6	21	17	4	20	65	14	8	8	18	9	17	13	4	2	22	
Acropora320	14	9	11	6	11	14	24	21	8	9	12	6	5	5	3	10	10	5	17	1	8	0	2	8	11	7	4	1	1	11	13	19	5	12	6	5	21	14	10	2	1	7	19	25	15	5	1	5	
Acropora321	0	0	0	0	1	0	0	0	1	0	0	0	0	0	0	0	0	0	0	0	0	0	0	0	0	0	0	0	0	0	0	0	0	0	0	0	1	1	0	0	0	0	0	0	0	0	0	0	
Acropora322	25	53	45	27	39	39	39	69	31	47	39	55	31	48	36	32	45	36	53	8	28	7	23	30	25	21	36	3	12	48	42	74	20	33	26	14	47	58	34	18	10	23	37	88	45	12	20	33	
Acropora323	14	23	21	12	24	23	45	36	14	14	25	23	7	16	26	5	12	18	13	6	9	4	5	18	14	6	16	3	2	17	23	44	13	15	9	14	12	16	13	2	4	12	14	28	17	8	6	14	
Acropora324	0	0	0	0	0	0	0	0	0	2	0	0	0	0	0	0	0	0	0	0	2	0	0	0	0	0	0	0	0	0	0	2	0	0	2	0	0	0	0	0	0	0	0	0	0	0	0	0	
Acropora325	21	17	17	16	7	20	17	19	5	18	23	16	7	28	12	11	19	7	34	5	9	2	8	12	5	13	24	0	3	18	40	36	14	21	14	4	15	32	14	16	11	13	17	32	22	10	4	13	
Acropora326	31	89	101	41	92	60	68	85	16	47	75	87	35	78	46	15	19	97	58	22	15	13	16	47	18	14	49	9	21	45	53	70	26	45	19	8	101	76	31	15	22	56	52	71	28	11	16	61	
Acropora327	9	37	26	19	25	17	17	17	4	43	32	28	8	35	19	3	7	21	10	4	7	0	6	13	9	4	20	0	4	24	9	33	10	29	9	5	21	28	8	2	5	15	22	29	20	5	3	18	
Acropora328	0	0	1	0	1	0	2	1	1	0	1	0	1	0	1	0	1	3	1	1	0	0	0	0	0	0	0	0	2	0	0	0	0	0	0	0	1	0	0	0	0	1	0	0	0	1	0	0	
Acropora329	16	17	29	70	18	33	19	22	23	54	86	26	15	43	30	14	25	16	26	7	6	2	19	19	12	5	47	4	4	52	27	21	24	52	12	4	30	70	16	0	7	16	19	39	16	8	10	52	
Acropora33	0	0	0	2	0	0	1	0	0	0	1	0	0	0	0	0	0	0	0	0	0	0	0	0	0	0	0	0	0	1	1	0	0	2	0	0	0	1	0	0	0	0	0	0	1	0	0	0	
Acropora330	2	1	3	2	5	5	7	7	0	3	4	4	0	1	6	7	2	1	5	7	6	1	0	2	4	2	0	2	7	2	2	12	6	5	10	7	8	5	11	5	1	3	4	7	5	7	8	0	
Acropora331	7	8	2	8	5	4	10	11	1	4	13	16	4	5	4	1	4	4	13	3	1	1	6	6	1	5	9	1	1	4	5	7	4	5	6	0	7	13	7	2	0	1	5	9	4	4	1	5	
Acropora332	2	31	27	6	21	3	21	4	5	2	12	29	5	6	5	3	4	19	5	3	1	0	4	3	1	0	3	0	2	0	0	4	3	2	0	0	13	10	2	0	0	8	18	3	0	0	2	4	
Acropora333	0	0	0	0	0	0	0	0	0	0	0	0	0	0	0	0	0	0	0	0	0	0	0	0	2	0	0	0	0	0	1	0	0	0	0	0	0	1	0	0	0	0	0	0	0	0	0	0	
Acropora334	0	0	0	0	0	0	0	0	0	2	1	0	0	0	0	0	1	0	0	0	0	0	0	1	0	0	0	0	0	1	0	0	0	1	0	0	0	2	0	0	0	1	0	1	0	1	0	3	
Acropora335	18	33	28	5	36	16	15	18	7	7	17	30	14	20	12	6	12	37	21	4	8	3	4	19	11	2	16	6	0	17	32	14	5	14	9	3	28	16	8	1	6	13	24	31	11	1	7	9	
Acropora336	0	8	18	2	6	1	11	2	0	4	11	10	7	1	4	8	2	2	6	2	0	3	6	4	1	4	3	0	3	5	1	2	1	12	0	1	5	8	0	0	0	6	10	2	0	3	0	0	
Acropora337	172	151	165	111	104	145	81	272	67	100	212	139	54	201	102	57	66	99	251	11	52	8	59	226	75	33	137	2	26	92	264	230	60	181	123	15	99	297	90	26	49	78	111	411	109	31	22	111	
Acropora338	39	25	26	19	22	21	11	32	16	21	35	20	20	14	22	7	11	29	45	6	4	4	7	42	11	6	21	3	3	17	27	32	6	27	23	5	32	43	13	7	6	15	14	28	15	3	4	15	
Acropora339	0	2	2	5	3	2	3	2	4	2	7	2	0	7	2	1	1	2	5	0	1	0	3	6	5	2	5	0	0	10	7	2	5	16	3	0	3	11	0	0	1	3	4	5	2	0	0	10	
Acropora34	30	26	38	23	13	24	54	27	11	35	42	22	12	28	31	20	21	34	25	7	14	3	15	24	11	5	33	3	11	18	23	52	18	21	14	6	11	44	28	8	9	11	36	41	25	11	6	11	
Acropora340	13	31	23	9	22	11	22	18	6	4	17	28	18	10	12	12	5	22	26	3	5	1	10	15	11	2	6	5	8	11	21	17	8	9	19	3	28	13	13	3	5	13	26	29	12	11	9	10	
Acropora341	2	0	0	1	0	0	0	0	0	3	0	0	0	1	1	2	0	3	0	0	0	0	0	0	1	0	0	4	1	0	0	4	4	1	0	0	0	0	0	2	0	0	1	2	1	1	0	1	
Acropora342	10	24	28	13	17	18	21	25	9	9	18	17	11	13	7	5	12	23	20	3	8	0	1	16	9	11	15	1	7	22	30	19	8	7	12	2	19	40	16	5	14	12	20	19	15	2	1	21	
Acropora343	17	25	18	16	25	17	30	13	23	20	30	21	14	18	33	17	14	24	15	17	4	1	8	7	8	6	18	8	13	19	13	22	20	15	10	11	28	31	18	7	9	26	15	16	8	26	12	22	
Acropora344	56	128	119	73	112	81	109	137	61	76	127	86	54	88	74	76	57	106	155	19	34	19	31	100	35	36	115	23	39	86	101	101	48	75	75	25	88	144	64	37	43	62	87	129	67	28	21	83	
Acropora345	0	0	0	0	1	3	1	1	1	0	2	1	0	1	2	1	1	0	0	0	2	0	1	1	0	1	0	2	1	0	2	0	2	0	0	1	1	2	0	1	0	2	0	0	0	1	0	1	
Acropora347	5	3	4	2	1	0	2	6	1	2	3	2	1	2	7	0	0	5	4	0	1	0	5	4	0	2	0	0	0	3	0	4	2	1	4	0	3	7	1	0	3	0	3	3	1	3	0	1	
Acropora348	365	477	477	272	457	458	516	615	176	367	570	413	175	350	254	137	210	414	528	125	112	35	174	435	200	145	403	78	118	367	473	591	179	367	486	118	462	577	308	146	162	262	474	615	299	127	178	393	
Acropora349	5	9	7	10	12	13	13	14	4	6	13	12	2	13	17	5	7	7	12	2	4	0	3	10	7	4	13	4	8	12	12	9	6	15	2	6	16	32	10	6	5	12	11	15	7	4	1	11	
Acropora35	5	24	15	6	12	12	20	21	8	21	8	10	6	8	16	3	9	4	19	2	7	0	6	15	11	3	6	0	6	12	21	17	5	9	3	2	9	19	11	1	2	1	22	23	14	3	5	11	
Acropora350	7	7	3	11	4	9	3	2	3	5	15	5	0	6	4	0	9	5	3	1	2	2	0	3	1	2	6	0	1	5	3	9	2	5	3	0	7	4	1	1	1	4	2	6	2	0	0	4	
Acropora351	17	27	27	13	24	29	22	30	21	21	57	22	18	27	21	9	10	29	31	7	5	0	5	13	12	8	24	0	3	14	20	32	12	22	28	6	28	42	24	12	7	16	16	47	30	8	11	21	
Acropora352	0	3	0	2	0	0	2	3	1	0	1	1	0	0	0	0	0	0	3	0	0	0	0	0	0	0	1	0	0	0	2	2	0	2	0	1	0	0	2	0	0	0	0	3	1	0	0	1	
Acropora353	54	85	46	77	36	47	56	51	64	82	112	46	22	94	79	80	71	57	43	12	39	5	43	31	33	23	90	8	22	81	53	54	55	92	31	7	44	136	37	29	19	27	57	78	55	29	23	69	
Acropora354	0	1	4	1	1	0	0	6	2	5	2	0	0	6	1	1	0	1	2	0	2	0	1	1	1	0	0	0	2	5	0	2	1	1	0	0	1	1	1	2	0	0	2	4	1	0	0	0	
Acropora355	0	1	5	3	2	1	2	4	11	1	0	2	0	0	0	1	4	0	5	0	0	0	1	3	3	2	2	0	1	4	3	2	2	1	1	0	2	11	1	2	0	1	5	8	2	0	1	1	
Acropora356	13	22	20	12	19	19	14	15	26	21	18	16	5	26	27	16	25	22	29	17	13	7	17	22	14	7	28	11	12	15	16	23	17	25	12	12	12	16	18	13	6	19	18	28	11	15	13	15	
Acropora357	1	3	0	2	0	0	0	3	1	0	0	0	0	0	0	0	2	1	0	0	0	0	0	0	0	0	0	0	0	0	1	1	0	2	0	0	1	0	1	0	0	0	2	4	2	1	0	3	
Acropora358	2	4	3	2	3	3	10	3	6	5	9	3	5	2	8	5	6	2	5	4	5	1	7	3	0	1	0	0	0	1	3	1	2	3	3	1	1	5	6	0	0	1	4	9	4	1	6	3	
Acropora359	60	52	36	27	39	47	64	49	80	50	45	49	33	38	127	115	118	38	47	22	62	20	57	35	33	104	29	11	34	49	48	76	100	45	37	23	47	45	84	74	49	47	58	82	90	15	35	45	
Acropora36	0	2	0	0	1	2	0	2	0	0	0	1	0	0	0	0	2	0	1	0	0	0	0	0	1	0	2	0	0	1	0	0	0	0	0	0	0	0	0	0	0	0	0	0	0	0	0	1	
Acropora360	5	9	8	15	5	1	3	6	7	10	14	2	3	7	14	9	13	6	4	5	1	2	4	4	1	3	8	0	2	10	3	13	9	7	6	2	7	15	5	5	2	4	4	6	9	0	0	7	
Acropora361	2	0	2	2	4	0	2	2	4	3	2	2	0	3	0	0	0	2	0	0	2	0	1	1	0	0	2	0	1	5	4	1	0	4	0	2	5	0	0	0	1	2	2	1	1	1	2	3	
Acropora362	6	3	4	5	5	1	1	4	3	1	4	5	1	9	2	0	1	14	16	0	1	0	1	7	2	0	8	1	0	2	25	4	1	5	14	0	12	11	1	3	4	5	1	0	0	3	3	0	
Acropora363	1	10	8	0	3	4	4	2	1	6	4	4	0	12	2	0	3	3	9	0	0	0	1	8	1	0	9	0	0	1	10	2	0	12	2	0	5	8	3	2	0	1	3	14	1	0	0	2	
Acropora364	25	45	40	28	35	22	25	36	21	28	33	31	16	38	37	17	23	31	32	10	16	7	16	27	10	11	26	9	17	33	30	37	15	15	20	21	43	50	11	14	4	23	32	30	19	14	19	22	
Acropora365	1	0	0	1	0	2	0	1	0	0	0	1	0	1	0	0	0	2	0	0	0	0	0	0	1	0	1	0	0	6	5	0	0	0	1	0	0	0	0	0	0	0	0	1	1	0	0	0	
Acropora366	72	71	76	78	78	93	76	101	34	75	154	94	48	101	44	8	32	83	53	19	25	9	40	79	34	9	113	16	11	109	57	79	18	106	44	8	76	111	33	23	12	38	50	73	27	27	32	107	
Acropora367	1	5	1	1	2	1	0	1	0	5	8	2	2	1	2	0	0	3	1	0	0	0	1	2	2	0	2	0	0	5	4	4	1	1	0	0	3	6	1	0	0	6	2	6	2	2	1	5	
Acropora368	47	109	82	61	61	62	58	70	20	37	92	67	42	78	40	26	28	80	51	11	28	7	22	38	18	12	69	7	21	66	57	46	18	46	26	11	62	67	35	9	9	22	50	62	27	16	12	70	
Acropora369	1	1	1	0	1	2	0	0	0	2	4	1	1	0	0	2	0	2	4	1	0	0	0	1	1	3	0	0	1	0	2	2	0	2	0	0	0	0	3	1	0	0	5	1	0	2	2	0	
Acropora37	166	125	142	98	133	150	145	180	68	137	257	162	77	172	106	84	88	127	190	34	32	10	73	115	72	44	176	14	37	215	172	224	71	215	99	24	131	275	107	56	61	106	115	226	92	49	31	175	
Acropora370	0	1	0	0	0	0	0	0	2	0	0	0	0	0	0	1	0	0	0	1	0	0	0	0	0	0	0	0	1	0	0	3	0	0	0	0	0	1	0	0	0	0	0	0	0	0	0	0	
Acropora371	0	1	0	0	1	0	0	2	0	0	2	0	0	0	1	0	0	1	0	0	0	0	0	1	0	2	0	0	0	0	0	0	0	1	0	0	1	1	0	0	0	0	0	0	0	0	0	0	
Acropora372	27	76	46	29	38	47	61	34	24	34	41	45	18	36	29	29	31	42	40	11	20	2	11	20	14	16	42	3	22	55	42	34	23	37	41	11	55	24	56	14	21	12	55	81	41	18	34	25	
Acropora373	2	0	0	1	1	0	0	2	1	2	0	1	0	1	1	2	1	1	4	2	1	0	2	0	0	3	1	2	0	2	0	4	0	0	5	4	3	1	4	0	1	1	1	1	2	1	3	0	
Acropora374	16	6	15	9	21	16	12	12	7	6	20	12	15	10	21	9	4	27	8	3	19	2	12	6	6	9	7	2	10	17	7	27	10	22	12	7	12	27	22	5	7	11	25	22	20	9	6	11	
Acropora375	0	0	0	0	0	0	1	0	0	0	0	0	0	0	0	0	0	1	0	0	0	0	0	0	0	0	0	0	0	0	0	0	0	0	0	0	0	1	0	0	0	0	1	0	0	0	1	0	
Acropora376	14	12	18	15	10	14	13	19	7	9	20	13	6	13	15	3	8	7	19	3	6	1	6	12	3	12	26	1	2	11	20	11	9	16	9	2	15	20	6	4	7	6	17	19	8	2	6	14	
Acropora377	8	4	18	12	13	3	5	12	4	3	28	12	4	17	3	1	8	8	11	2	0	4	3	19	7	2	29	4	0	14	20	13	3	22	1	2	30	41	9	0	0	9	17	24	16	3	5	18	
Acropora378	2	4	4	4	5	7	8	5	1	7	6	3	1	2	5	1	3	4	5	0	0	0	4	0	0	2	4	0	0	9	6	7	1	4	4	1	2	2	1	0	1	3	1	2	3	0	4	7	
Acropora379	0	0	0	0	1	1	0	0	0	0	0	0	0	0	0	0	0	0	0	0	0	0	0	0	0	0	0	0	0	0	0	0	0	1	0	0	0	0	0	0	0	0	1	0	1	0	0	0	
Acropora38	0	0	1	1	0	0	1	2	0	0	2	0	0	1	1	0	0	0	0	0	0	1	0	0	0	0	2	0	0	2	1	0	1	1	0	0	1	2	0	0	0	2	0	0	0	0	0	3	
Acropora380	6	7	4	5	7	8	2	10	0	9	5	8	7	7	8	3	7	6	7	2	2	0	5	3	0	1	16	0	0	6	5	6	0	4	2	0	8	3	0	3	0	4	5	6	4	1	1	4	
Acropora381	19	8	11	13	13	17	9	22	7	11	17	12	8	7	7	2	6	4	27	1	4	3	1	6	9	7	22	2	4	11	16	26	4	4	14	2	15	14	13	1	11	7	18	22	18	2	4	9	
Acropora382	227	224	271	127	242	204	197	324	77	140	289	205	103	175	106	71	78	252	262	34	56	21	80	212	68	45	159	27	35	160	221	226	68	194	132	41	185	287	121	70	73	146	193	270	99	56	46	153	
Acropora383	0	1	1	0	0	0	0	1	0	0	1	5	0	0	2	1	4	0	0	0	0	0	0	0	1	0	0	1	0	2	1	1	0	0	0	1	0	2	0	0	0	1	1	0	0	0	2	0	
Acropora384	0	0	0	0	0	0	0	0	0	0	0	0	0	0	0	0	0	0	0	0	0	0	0	1	0	0	0	0	0	1	0	0	0	0	0	0	0	0	0	0	0	1	0	0	0	0	0	0	
Acropora385	25	50	46	25	47	36	48	34	11	15	69	46	14	49	28	15	18	19	24	5	5	9	13	33	13	5	41	2	3	43	28	38	18	42	11	12	39	34	23	8	8	23	38	39	21	14	7	48	
Acropora386	3	5	6	5	3	7	8	4	2	3	10	13	11	2	4	3	5	6	5	5	1	1	0	0	6	3	20	2	2	10	8	5	5	6	4	5	5	8	7	0	0	2	4	8	6	6	3	14	
Acropora387	0	0	0	1	0	0	0	0	0	0	0	3	0	0	0	0	0	0	0	0	0	0	0	0	0	0	0	0	0	0	0	0	0	0	0	0	0	2	1	0	0	0	0	0	0	0	0	1	
Acropora388	57	76	77	48	48	61	74	63	49	50	104	81	38	81	68	70	34	55	73	13	37	7	26	30	33	21	50	13	30	66	35	101	34	61	52	28	73	64	68	28	24	33	69	74	63	15	36	60	
Acropora389	5	16	11	18	11	13	22	15	12	18	25	10	9	7	17	14	19	20	16	8	5	2	8	11	10	4	12	3	7	13	7	25	5	13	10	7	16	15	17	11	3	12	11	22	11	4	6	22	
Acropora39	185	213	194	204	182	181	203	222	137	243	346	216	99	240	211	164	196	213	231	62	111	15	118	182	71	115	195	22	61	204	213	323	121	240	139	40	217	464	175	60	68	107	155	286	222	88	60	263	
Acropora390	7	2	2	4	5	6	9	4	4	7	11	7	1	4	3	1	3	4	11	0	3	0	5	5	4	3	3	2	1	2	6	6	0	4	4	0	4	16	3	3	0	2	8	6	3	3	2	7	
Acropora391	15	3	8	9	3	9	14	10	7	23	16	4	4	7	14	5	13	5	13	5	12	0	8	9	2	7	12	2	1	13	15	28	16	19	14	3	9	18	17	10	3	3	21	16	14	8	3	12	
Acropora392	10	16	12	3	6	9	14	9	4	5	9	7	2	10	5	5	4	8	6	1	3	0	5	8	10	3	10	1	1	14	13	10	9	10	11	5	12	26	17	3	12	6	12	22	8	5	6	14	
Acropora393	0	0	0	0	0	0	0	0	0	0	0	0	0	0	0	0	0	0	0	0	0	0	0	0	0	0	0	0	0	0	0	1	0	0	0	0	0	0	3	0	0	0	0	0	0	0	0	0	
Acropora394	138	12	15	112	6	132	6	122	54	57	107	5	5	80	90	63	68	26	123	7	51	0	39	88	113	48	58	4	5	94	90	100	55	99	51	3	3	123	74	33	38	9	7	142	101	29	1	81	
Acropora395	16	18	11	8	14	18	13	16	4	9	11	7	4	10	6	11	7	17	15	2	15	3	6	18	6	9	17	4	4	6	39	19	2	6	14	4	6	15	11	10	2	8	11	27	20	4	9	10	
Acropora396	37	61	34	30	48	51	47	44	32	29	70	70	22	59	36	24	30	63	55	10	28	6	14	42	25	16	66	5	18	61	105	71	30	59	50	11	46	75	56	15	20	35	85	95	75	30	30	42	
Acropora397	0	3	1	2	1	1	1	2	0	4	7	3	0	2	0	0	1	0	1	0	0	0	0	0	1	0	1	0	0	0	1	1	0	0	0	0	2	0	0	0	0	3	1	2	0	0	0	0	
Acropora398	6	3	5	3	4	5	1	3	5	2	7	7	1	3	4	6	3	10	8	2	0	1	3	5	2	7	7	1	0	7	3	6	1	2	3	0	5	6	2	1	1	3	6	8	3	0	6	2	
Acropora399	0	2	0	4	4	0	4	2	0	0	4	1	1	1	2	0	1	2	3	0	1	0	2	1	2	0	3	0	0	2	3	7	3	1	6	0	1	2	1	0	0	4	0	2	4	0	1	5	
Acropora40	0	0	0	0	0	0	0	0	2	5	6	0	0	4	2	0	0	1	0	0	0	0	1	0	0	0	2	0	0	2	0	0	4	0	0	0	0	1	0	0	0	1	0	0	0	0	0	1	
Acropora400	14	15	12	7	5	15	10	19	8	11	16	11	10	11	6	5	9	5	22	3	10	0	5	13	4	4	8	0	2	28	14	36	7	11	17	4	11	29	17	8	2	4	16	22	18	4	8	13	
Acropora401	137	212	213	135	148	135	178	195	80	131	258	232	94	205	81	67	91	201	247	50	52	14	63	171	63	34	194	31	38	94	217	225	57	144	123	30	126	166	94	26	54	106	152	271	104	44	63	104	
Acropora402	0	0	1	0	0	0	0	0	0	0	0	0	0	0	0	0	0	0	0	0	0	0	0	0	0	0	0	0	0	0	0	0	0	0	0	0	0	0	0	0	0	0	0	0	0	0	0	0	
Acropora403	342	375	427	114	325	248	289	384	211	157	245	227	107	245	316	281	132	240	377	37	141	35	97	250	141	286	220	18	99	287	380	284	295	319	532	85	234	542	391	280	272	237	425	750	418	144	118	276	
Acropora404	18	38	25	16	21	26	26	26	10	38	14	20	7	19	13	19	14	16	31	5	15	1	13	16	8	9	25	0	13	43	15	33	14	33	25	11	34	37	33	17	26	26	36	62	41	14	10	23	
Acropora405	24	9	18	10	15	14	38	8	9	14	28	20	8	15	14	12	13	10	12	2	5	4	5	11	7	6	7	0	4	15	14	23	1	14	11	3	16	25	14	4	2	9	28	21	11	2	6	6	
Acropora406	0	1	1	1	2	0	0	1	0	0	2	5	0	0	0	0	1	0	2	0	0	0	2	0	0	0	0	0	1	1	1	0	0	2	1	0	0	1	0	1	0	1	0	3	0	0	0	1	
Acropora407	37	68	41	52	50	45	60	82	24	52	70	50	21	46	26	24	23	56	51	16	15	3	26	31	16	13	46	12	19	51	35	73	30	50	43	15	51	76	43	8	18	40	43	52	36	20	22	61	
Acropora408	815	1531	1161	363	1140	728	1292	1127	473	689	897	1129	439	1115	853	281	551	676	1070	190	292	185	355	891	258	566	952	192	248	747	946	866	546	708	1639	271	811	1345	796	628	313	810	840	1753	444	232	482	657	
Acropora409	0	0	0	0	1	0	1	0	0	0	4	1	2	1	0	0	0	0	0	0	0	0	0	1	1	0	1	0	0	0	1	1	0	0	0	0	1	1	0	0	0	0	0	1	1	0	0	0	
Acropora41	5	10	16	11	12	6	7	7	10	14	14	10	9	7	1	4	3	8	8	5	0	1	3	6	4	1	6	2	4	6	11	10	3	6	7	1	9	13	6	5	1	4	10	15	9	0	0	6	
Acropora410	27	43	20	11	26	17	21	24	11	10	23	16	20	7	21	5	7	18	15	4	4	2	12	21	1	12	17	1	6	22	23	42	9	25	10	1	30	32	16	7	11	17	43	43	11	13	4	27	
Acropora411	1	4	0	0	4	2	1	1	0	0	2	4	1	4	3	0	3	2	1	0	0	0	2	0	1	0	4	0	0	0	2	2	1	3	4	0	2	0	3	2	1	1	2	5	3	0	1	1	
Acropora412	0	1	2	0	0	2	1	1	0	4	5	1	4	1	6	3	2	0	2	0	1	0	4	4	2	3	3	0	0	1	0	3	2	3	3	0	3	2	3	2	1	2	0	5	3	1	1	3	
Acropora413	47	56	66	53	62	53	50	77	32	46	78	70	26	46	48	39	40	72	80	11	21	3	23	46	30	15	50	7	11	50	60	61	33	53	39	5	65	78	62	18	22	31	41	92	62	21	16	44	
Acropora414	6	5	4	1	9	6	7	3	2	2	6	6	5	9	9	3	3	5	8	1	1	1	3	6	0	1	2	0	0	5	1	11	1	5	6	0	2	3	3	1	3	4	2	2	3	0	0	1	
Acropora415	6	10	7	8	6	8	5	6	8	7	14	4	6	6	10	6	9	7	12	1	3	1	1	4	3	9	16	2	3	19	10	17	11	22	18	2	6	24	15	8	12	17	12	21	18	3	11	6	
Acropora416	37	31	39	34	44	36	52	39	9	35	65	50	12	38	29	18	18	65	63	10	18	3	14	54	9	8	43	5	12	31	94	54	15	15	30	20	30	38	28	6	7	18	52	55	32	10	13	39	
Acropora417	0	1	0	1	0	0	3	0	0	4	0	1	0	0	3	0	0	4	0	0	0	0	0	0	0	0	2	0	0	2	0	2	2	0	0	0	0	0	0	0	0	1	1	1	3	0	0	0	
Acropora418	9	11	7	11	7	16	6	10	10	9	9	7	5	3	10	8	11	6	16	3	5	4	9	8	2	5	9	2	4	4	15	12	6	10	12	5	11	11	7	6	4	3	11	18	10	5	2	7	
Acropora419	9	10	11	5	8	10	3	20	0	2	13	14	4	12	10	1	4	10	20	0	3	0	1	25	5	0	6	0	3	2	48	9	4	4	13	1	3	13	4	4	2	3	2	19	3	3	4	8	
Acropora42	34	28	19	27	35	25	22	47	16	26	32	34	17	22	28	26	19	18	40	10	11	1	6	34	18	11	20	7	10	16	25	25	7	20	33	12	23	37	14	8	15	20	20	39	17	11	4	30	
Acropora420	10	12	1	0	2	5	2	9	3	1	2	2	1	8	0	3	3	4	9	1	3	0	2	7	1	1	2	0	0	7	23	5	5	7	7	1	4	8	2	1	2	0	3	11	2	9	2	4	
Acropora421	29	17	31	31	22	27	21	28	15	17	34	22	9	29	13	28	28	24	24	4	7	2	13	24	9	5	31	6	6	24	23	19	22	11	23	5	25	26	18	8	11	14	19	26	21	6	9	27	
Acropora422	96	94	82	71	101	97	120	127	109	132	131	70	40	93	108	50	100	80	93	36	48	11	76	81	52	47	119	19	54	132	68	182	95	105	103	35	83	191	86	51	44	60	174	145	123	69	38	123	
Acropora424	7	6	1	5	8	8	16	6	2	7	10	9	2	5	6	4	4	5	8	0	2	0	0	2	3	4	5	2	9	11	5	4	13	6	0	4	12	1	2	1	2	2	10	9	2	5	2	13	
Acropora425	2	6	5	4	5	3	6	8	3	11	13	14	8	4	11	6	8	15	5	2	2	1	5	9	14	5	8	2	8	7	11	10	6	8	3	2	9	19	6	3	0	10	7	15	6	5	0	6	
Acropora426	4	3	2	0	4	5	1	8	2	5	4	7	0	2	3	2	1	3	6	3	5	1	1	0	2	2	5	3	1	8	7	4	9	6	6	3	3	11	6	5	4	3	6	12	6	1	4	6	
Acropora427	50	31	29	24	12	38	23	24	16	22	44	32	22	31	18	15	19	26	53	4	20	2	12	28	21	22	40	2	25	24	46	59	19	23	42	3	30	37	63	15	20	10	43	72	62	12	17	28	
Acropora428	2	1	4	1	2	3	1	3	0	0	2	0	1	1	1	1	3	2	0	1	1	0	0	4	2	0	1	0	0	2	0	1	1	3	1	3	0	7	1	0	0	0	0	6	1	0	0	2	
Acropora429	0	0	0	0	0	0	0	0	0	0	0	0	0	0	0	0	0	1	0	0	0	0	0	0	0	0	0	0	0	0	0	0	0	1	0	0	0	0	0	0	0	0	0	0	0	0	0	0	
Acropora43	127	190	146	74	134	102	182	151	76	128	123	151	64	116	137	140	89	135	110	20	71	24	70	81	56	72	90	18	49	123	106	156	63	108	124	28	125	165	127	82	59	84	122	182	138	51	61	104	
Acropora430	15	10	4	12	10	5	13	10	19	16	12	6	9	2	24	29	24	9	6	16	5	6	12	18	7	14	6	8	21	14	11	21	19	3	19	15	15	12	5	7	8	13	6	13	18	17	8	5	
Acropora431	1	0	2	1	0	0	1	1	2	0	1	0	0	0	0	0	1	2	1	1	0	0	0	0	3	0	0	0	1	0	0	4	0	0	1	2	0	2	0	0	0	1	0	3	2	1	1	0	
Acropora432	2	3	2	0	7	1	0	4	0	0	3	2	3	1	1	1	5	3	0	4	1	1	0	11	1	0	3	2	5	0	1	5	4	2	2	4	4	4	0	3	0	3	4	5	4	4	3	1	
Acropora433	3	9	11	7	8	4	6	10	4	5	9	8	4	9	6	3	1	4	10	3	5	3	3	6	2	4	4	1	2	6	6	8	1	9	5	2	5	13	9	2	6	7	11	16	5	5	3	12	
Acropora434	2	1	1	0	1	0	0	2	0	0	1	0	0	1	0	0	0	1	2	0	1	0	0	2	0	2	4	0	0	4	3	6	2	6	0	0	0	2	3	0	0	6	0	4	2	3	1	4	
Acropora435	1	9	4	4	1	6	6	5	6	3	8	5	3	5	11	10	5	9	7	4	3	1	1	7	2	2	4	4	7	4	1	8	5	8	5	8	3	7	3	2	4	10	1	6	4	6	4	0	
Acropora436	2	2	0	4	1	0	2	1	4	1	1	2	0	1	0	2	0	0	1	2	3	0	0	2	2	1	1	4	7	3	3	6	10	3	6	4	3	3	1	2	3	6	3	3	9	5	0	1	
Acropora437	74	123	136	86	127	110	171	126	59	139	108	137	85	127	82	46	70	93	95	27	33	21	75	86	31	22	100	21	33	86	99	160	71	76	128	25	151	114	66	34	67	67	113	144	62	37	62	90	
Acropora438	0	0	0	0	0	1	0	1	0	1	0	0	0	2	0	0	0	0	1	0	0	0	2	2	0	0	1	0	0	1	0	5	0	0	0	0	0	0	4	3	0	0	2	0	0	0	0	1	
Acropora439	20	12	20	15	12	13	21	13	15	13	15	21	2	12	8	6	7	9	19	2	0	0	4	11	2	0	17	4	1	10	17	20	6	20	14	1	20	20	12	7	1	8	20	17	9	4	8	15	
Acropora44	107	176	176	115	132	167	172	207	69	121	188	159	84	129	77	45	89	160	209	25	32	8	57	133	74	50	178	15	45	189	152	185	87	146	103	24	133	223	113	57	38	97	157	226	152	36	34	160	
Acropora440	6	2	4	7	6	3	8	3	1	4	4	4	0	2	0	6	1	1	6	2	9	1	2	5	4	0	7	0	0	15	5	10	5	6	10	0	5	6	8	2	3	0	6	2	7	1	2	4	
Acropora441	9	8	11	6	16	11	11	14	14	11	21	18	6	18	11	3	11	17	11	3	5	6	6	12	11	8	30	1	7	27	22	29	11	33	30	8	34	34	20	10	13	19	23	43	34	11	9	21	
Acropora442	4	2	0	0	3	1	3	1	6	3	12	0	4	3	9	8	4	2	6	0	3	2	5	3	4	1	2	0	2	4	2	3	6	7	6	3	1	3	3	6	2	10	3	4	4	11	1	2	
Acropora443	7	5	8	3	4	0	2	9	2	7	7	5	1	5	3	1	2	6	10	3	4	0	8	2	4	1	4	0	1	6	6	2	2	1	3	1	7	4	4	2	1	5	3	1	2	0	2	6	
Acropora444	3	3	3	1	1	0	0	1	0	0	1	4	1	1	1	2	1	1	0	0	3	2	0	2	2	0	2	0	4	0	2	1	1	1	1	1	1	3	1	0	0	3	2	3	2	1	0	2	
Acropora445	0	2	1	0	2	0	1	0	0	0	0	1	0	0	0	0	0	0	1	0	0	0	0	0	0	0	0	0	0	1	0	0	0	0	0	0	4	1	0	0	0	0	4	0	0	0	2	0	
Acropora446	6	9	2	4	7	9	5	6	1	1	4	7	2	5	5	1	3	6	8	0	0	0	3	3	2	1	4	1	0	12	9	6	1	6	1	1	4	6	2	0	3	7	4	11	8	1	2	2	
Acropora447	6	18	11	4	12	6	6	9	0	1	12	13	7	8	4	3	3	12	4	3	3	0	4	6	0	1	4	0	0	4	15	8	0	1	2	3	3	12	5	1	2	9	7	8	2	0	2	17	
Acropora448	9	8	8	10	11	15	12	16	8	20	14	9	8	7	30	18	14	11	16	8	13	2	9	22	10	12	12	5	9	7	15	22	12	9	11	7	11	11	11	5	6	20	2	12	15	17	9	11	
Acropora449	2	0	1	1	1	3	2	1	3	0	1	2	0	1	1	1	1	1	1	0	0	0	2	2	0	2	0	0	0	0	0	3	1	0	0	0	1	2	2	0	1	0	1	2	0	0	0	1	
Acropora45	14	17	14	9	7	9	18	12	5	7	18	12	6	5	5	5	13	4	14	3	4	5	1	10	3	2	8	0	1	8	8	17	3	3	12	1	6	27	12	2	4	5	20	9	9	2	2	6	
Acropora450	80	138	133	35	111	91	113	146	28	75	101	141	76	71	31	18	42	83	132	11	29	3	19	85	33	15	38	6	18	46	96	140	16	58	54	13	76	109	53	21	28	53	92	154	84	10	15	36	
Acropora451	4	4	0	0	6	2	0	0	2	0	6	4	0	7	5	0	2	1	1	0	0	0	0	4	3	0	3	0	0	0	1	1	0	1	0	0	0	3	0	1	0	0	3	4	2	2	0	2	
Acropora452	83	156	183	118	175	144	192	205	53	81	188	152	79	145	86	46	57	124	181	21	22	11	48	103	60	32	144	23	30	109	126	131	45	110	111	11	128	139	82	25	53	81	117	159	63	35	31	99	
Acropora453	30	41	26	13	19	26	30	24	29	22	17	29	11	26	31	33	20	25	36	6	19	3	13	15	13	12	35	1	4	56	24	27	24	30	29	12	34	68	18	8	11	19	41	47	32	17	14	40	
Acropora454	6	18	15	3	17	10	16	12	2	7	14	8	4	5	12	11	6	8	12	2	1	4	3	14	9	7	11	0	3	2	7	17	7	4	5	6	8	18	9	0	5	9	10	8	9	3	3	14	
Acropora455	12	30	29	6	21	19	32	28	17	17	29	17	15	25	28	7	6	20	32	6	3	2	10	12	7	4	32	8	5	29	27	35	8	15	17	4	28	35	15	10	7	17	21	24	14	5	4	16	
Acropora456	4	67	84	67	85	5	50	11	24	22	133	117	69	60	26	14	23	60	7	13	2	1	15	2	8	2	70	4	28	123	3	6	31	82	2	2	97	95	4	2	4	27	67	6	2	18	19	50	
Acropora457	295	91	56	216	73	334	76	311	143	154	372	56	52	237	238	138	141	91	302	21	117	5	99	204	175	96	175	15	35	216	256	228	119	233	161	26	74	333	169	89	74	52	50	493	215	71	23	226	
Acropora458	0	0	0	1	0	0	0	0	0	0	0	0	0	0	0	0	0	0	0	0	0	0	0	0	0	0	0	0	0	0	0	0	0	0	0	0	0	0	0	0	0	0	0	0	0	0	0	0	
Acropora459	0	0	1	1	0	0	1	0	0	0	1	0	0	0	0	0	0	0	1	0	0	0	0	0	0	0	0	0	0	0	0	0	0	0	0	0	0	1	0	0	0	0	0	0	0	0	0	0	
Acropora46	13	7	17	8	9	18	14	15	17	3	15	15	15	11	8	11	8	18	24	2	2	1	5	4	8	8	14	3	5	18	16	28	13	14	17	3	14	17	10	5	2	17	24	23	20	6	4	9	
Acropora460	2	4	5	0	0	1	0	0	0	2	3	0	0	2	0	1	0	1	0	0	0	0	0	3	0	0	1	0	0	2	0	0	2	1	2	0	0	0	0	0	0	0	0	0	0	0	0	0	
Acropora461	0	2	0	0	1	3	0	0	0	0	1	0	1	0	0	0	0	0	0	3	0	0	0	0	0	0	2	0	2	0	0	0	0	0	0	0	1	0	0	0	0	0	0	2	1	0	1	1	
Acropora462	0	1	2	1	0	0	0	2	1	1	0	0	0	1	0	0	1	3	1	1	0	0	0	0	0	0	0	0	0	0	0	1	0	1	0	0	0	0	0	0	0	0	0	0	0	0	0	1	
Acropora464	12	19	3	6	7	22	5	3	13	16	33	7	5	27	17	3	23	12	10	0	9	1	1	7	6	9	49	0	0	32	5	11	16	32	1	4	17	46	6	4	2	5	4	21	5	11	7	44	
Acropora465	17	31	33	11	22	29	17	31	9	16	20	17	17	31	18	11	19	24	20	7	9	3	1	17	10	14	28	1	12	28	27	32	9	13	24	9	13	36	21	7	5	9	26	43	27	10	5	25	
Acropora466	6	3	4	3	2	1	4	3	4	3	7	0	3	3	3	2	6	3	3	1	3	0	3	2	0	1	2	1	5	1	1	3	3	3	5	1	1	5	4	2	1	4	4	4	3	0	4	4	
Acropora467	77	85	74	45	66	79	110	69	74	88	109	57	49	54	89	69	68	67	101	17	46	19	44	69	66	48	82	7	50	75	104	151	50	63	87	38	103	147	96	48	36	69	99	164	116	39	40	67	
Acropora468	8	23	10	10	19	3	3	5	0	1	10	23	1	8	7	3	2	30	3	3	3	0	0	2	0	0	33	1	1	8	4	7	6	6	9	3	24	19	6	7	1	11	3	10	1	1	8	9	
Acropora469	1	0	0	0	0	0	0	0	1	0	0	0	0	0	1	1	0	0	2	0	0	0	1	0	0	0	0	0	0	0	0	2	0	0	0	0	0	1	0	0	0	0	0	2	0	0	0	1	
Acropora47	2881	2462	2811	1427	3008	2449	2030	3937	1146	1475	2342	1982	1077	1839	2435	1801	1065	2266	3474	455	629	341	860	2637	1196	1424	1482	444	453	2036	2910	2372	1297	1479	3134	869	2266	3948	1401	1306	1200	2127	1373	3870	1227	643	1186	1852	
Acropora470	1	0	0	2	2	0	0	0	0	0	4	4	0	2	0	0	0	2	0	0	0	0	1	0	0	0	6	0	0	3	0	0	0	5	2	0	3	3	0	0	0	1	1	2	0	0	0	8	
Acropora471	63	118	53	76	78	81	33	50	11	18	95	75	22	83	23	14	14	97	91	12	21	9	11	48	13	47	199	13	12	125	79	45	20	109	60	10	62	134	43	30	20	40	28	139	18	10	43	166	
Acropora472	1	6	2	4	4	3	3	11	11	7	9	3	3	8	4	6	9	2	5	7	2	0	1	2	5	0	7	1	5	2	7	10	2	4	5	3	4	16	5	0	2	3	1	2	5	7	1	6	
Acropora473	80	132	67	57	143	79	67	74	13	46	105	111	13	100	27	19	20	129	71	25	13	18	6	48	27	54	163	21	21	146	47	63	25	90	68	26	110	185	41	34	18	76	24	121	24	26	49	181	
Acropora474	0	0	0	0	0	0	0	0	0	0	0	0	0	0	0	0	0	0	0	0	0	0	0	0	0	0	1	0	0	0	0	0	0	0	0	0	0	1	0	0	0	0	0	1	1	0	0	1	
Acropora475	0	0	0	0	0	0	0	0	0	0	0	0	0	0	0	0	0	0	0	0	0	0	0	0	0	0	0	0	0	0	0	0	0	0	0	0	0	0	0	0	0	0	0	1	0	0	0	0	
Acropora476	0	0	0	0	0	0	0	0	1	0	0	0	0	0	0	0	0	0	0	0	0	0	0	0	1	0	1	0	0	0	0	0	1	0	0	0	0	1	1	0	0	0	0	0	0	0	0	0	
Acropora478	0	0	0	0	0	0	0	0	0	0	0	0	0	0	0	0	0	0	0	0	0	0	0	0	0	0	0	0	0	0	0	1	0	0	0	0	0	0	1	0	0	0	0	1	1	0	0	0	
Acropora479	0	0	0	0	0	0	0	1	0	1	0	0	0	0	2	1	0	0	0	0	0	0	0	0	0	0	2	0	0	0	0	0	0	1	0	0	0	0	0	0	0	0	0	0	1	0	0	0	
Acropora48	69	96	129	61	87	78	108	124	26	51	95	88	26	88	49	25	36	70	110	21	22	7	36	73	31	20	86	15	32	82	106	122	45	65	62	12	103	137	53	24	34	51	91	136	58	22	22	85	
Acropora480	0	0	0	0	0	0	0	0	0	0	0	0	0	0	0	0	0	0	0	0	0	0	0	0	0	0	0	0	0	0	0	0	0	0	0	0	0	0	0	0	0	0	0	1	0	1	0	0	
Acropora481	0	0	0	0	0	0	0	0	0	0	0	0	1	0	0	0	0	0	0	0	0	0	0	0	0	0	0	0	0	0	1	0	0	0	1	0	0	0	0	0	0	0	0	1	0	0	0	0	
Acropora482	2	2	1	0	5	0	0	1	0	0	3	2	0	1	0	1	0	3	4	0	0	0	0	1	1	0	1	0	0	2	2	0	0	2	1	0	3	0	0	0	0	3	0	5	0	0	2	3	
Acropora483	1	0	2	0	0	0	0	1	0	0	0	1	0	0	0	0	0	2	3	0	0	0	0	0	0	0	2	0	2	1	0	0	0	1	0	0	0	0	0	0	0	0	0	2	1	0	0	0	
Acropora484	0	0	0	0	0	0	0	0	0	1	0	0	0	0	0	0	0	0	0	0	0	0	0	0	0	0	0	0	0	0	0	0	0	1	0	0	0	0	0	0	0	0	0	0	0	0	0	0	
Acropora485	0	0	0	0	0	0	0	0	1	1	0	0	0	3	0	0	0	3	1	0	0	0	0	1	0	0	3	0	0	2	1	0	0	2	0	0	2	1	1	0	0	0	0	0	0	0	3	0	
Acropora486	0	0	1	0	0	0	0	1	1	0	1	0	0	1	2	2	1	2	0	0	0	0	1	0	0	0	0	0	1	1	3	1	0	2	2	0	1	1	1	0	1	0	3	1	0	0	1	1	
Acropora487	3	1	1	0	0	2	1	4	0	4	3	0	0	0	1	1	0	0	3	0	1	0	0	0	0	0	0	0	0	1	2	7	0	0	1	0	0	0	2	0	1	0	0	4	0	0	0	2	
Acropora488	42	43	31	30	39	31	43	42	55	31	45	22	25	31	54	35	35	40	60	17	15	4	19	36	17	21	49	15	28	29	36	59	51	43	38	20	52	72	47	16	26	44	46	58	60	25	13	33	
Acropora489	2	1	1	2	1	2	1	0	0	1	2	1	3	2	4	0	0	1	2	0	0	1	0	1	0	1	0	0	1	0	2	0	1	0	0	0	0	1	2	1	0	0	2	0	1	1	0	0	
Acropora49	21	16	25	12	16	22	37	32	21	26	36	26	11	23	12	18	19	15	29	3	12	4	6	15	12	6	20	0	8	25	17	31	13	10	14	4	14	26	25	9	8	12	31	28	27	10	14	25	
Acropora490	20	31	28	25	30	32	30	36	41	34	27	29	28	23	39	28	26	31	31	26	22	8	20	32	20	30	36	28	32	28	25	63	33	23	35	30	32	44	27	22	22	35	35	46	35	38	20	31	
Acropora491	5	2	4	1	3	7	4	11	0	2	2	4	5	5	3	0	1	3	3	1	1	1	4	3	3	1	3	0	1	6	6	2	2	0	7	3	5	4	4	1	0	1	2	10	1	1	1	4	
Acropora492	18	18	9	8	12	13	15	30	21	11	21	16	14	11	16	21	12	20	25	10	9	4	11	13	9	6	10	6	4	11	25	24	5	15	17	11	17	23	9	6	6	14	20	17	13	10	8	18	
Acropora493	6	18	6	4	13	9	5	15	2	5	16	8	7	12	3	5	12	10	19	2	3	1	3	6	6	1	6	1	2	3	8	22	3	6	8	0	6	7	6	1	3	9	6	12	10	4	2	8	
Acropora494	27	25	11	15	12	14	19	19	16	13	16	20	18	21	34	9	10	9	31	2	7	7	15	23	10	13	20	3	6	14	21	25	7	16	19	1	19	32	18	5	7	23	11	32	15	13	3	22	
Acropora495	165	247	232	144	174	224	187	188	123	150	210	168	142	188	234	154	123	137	229	37	169	19	103	120	72	111	159	15	91	267	159	224	165	196	187	61	178	237	200	122	91	108	270	333	252	77	88	117	
Acropora496	25	40	37	31	46	44	33	45	22	38	50	38	23	35	32	27	16	28	28	14	15	1	7	30	16	8	38	2	11	33	49	57	21	40	20	9	46	78	30	22	6	24	43	47	32	19	18	47	
Acropora497	33	91	80	68	101	77	100	123	47	84	165	87	31	104	83	68	57	75	94	22	25	8	39	87	41	25	108	29	14	111	88	103	37	92	73	17	112	96	76	28	21	44	78	98	31	40	31	106	
Acropora498	2	4	3	0	7	1	5	10	1	2	3	0	0	1	1	0	0	1	2	2	0	1	2	13	0	2	3	0	0	2	2	9	4	0	1	3	7	2	4	2	2	2	1	2	0	3	3	4	
Acropora499	4	9	11	8	7	8	21	10	4	11	8	6	6	12	9	5	4	8	7	0	5	0	4	6	3	2	2	1	1	8	3	15	5	8	2	4	10	15	5	2	4	7	9	16	11	1	2	3	
Acropora50	2	0	2	1	2	1	2	1	1	1	3	1	0	1	2	1	5	3	0	0	1	0	0	0	0	2	4	2	0	2	2	3	0	3	8	1	4	0	2	0	2	0	4	3	0	1	0	0	
Acropora500	116	126	112	79	98	121	94	136	49	89	142	134	70	107	64	36	50	108	111	32	26	9	64	105	52	41	101	12	17	96	120	132	39	107	78	24	127	203	82	37	38	69	113	174	71	35	34	84	
Acropora501	11	18	23	18	12	14	22	16	8	19	22	21	6	21	19	8	12	8	14	2	3	2	12	8	6	3	14	7	9	18	22	17	5	22	11	2	8	33	19	7	5	5	15	22	13	7	7	15	
Acropora502	31	32	48	18	20	23	29	19	15	24	25	33	16	24	48	43	28	17	23	14	25	6	21	13	28	36	46	4	22	57	22	66	56	41	22	9	42	44	62	30	28	24	65	82	73	17	34	30	
Acropora503	0	1	1	0	0	0	0	2	0	0	0	0	1	1	2	0	1	1	0	0	0	0	1	1	0	0	0	2	0	0	1	0	0	1	0	0	0	0	2	0	0	0	0	1	0	0	0	3	
Acropora504	0	1	3	1	0	2	1	2	0	0	1	9	1	0	1	0	2	0	2	0	0	0	0	2	2	0	1	0	0	0	2	2	1	2	3	0	0	2	0	0	0	0	2	5	0	2	0	2	
Acropora505	5	7	4	9	7	4	9	8	22	12	14	8	15	5	25	26	23	16	10	23	8	5	4	20	8	22	5	6	16	10	11	35	26	2	15	23	14	10	10	9	5	21	8	15	14	24	6	11	
Acropora506	32	46	38	26	39	32	42	34	49	27	41	27	25	40	50	43	25	36	40	9	15	8	16	31	18	18	34	5	31	50	43	93	44	33	41	27	41	33	19	13	18	22	41	35	36	46	11	26	
Acropora507	0	0	0	0	0	0	0	0	0	0	0	0	0	0	0	0	0	1	0	0	0	0	0	0	3	0	1	0	0	0	0	1	0	0	0	0	0	0	0	0	0	0	0	1	0	0	0	0	
Acropora508	1	4	3	4	4	3	6	3	1	7	7	3	3	3	0	0	8	2	0	1	0	0	0	3	0	3	0	2	1	3	3	1	0	1	4	2	5	5	0	0	0	1	2	3	1	3	1	0	
Acropora509	0	0	1	1	0	1	0	0	0	0	0	0	0	0	1	0	0	0	0	0	0	0	0	0	0	0	0	2	0	2	0	1	0	0	0	0	0	1	0	0	0	1	0	0	0	0	0	3	
Acropora51	6	3	2	4	7	1	5	10	6	3	5	4	1	7	12	1	5	3	1	0	1	0	1	5	4	1	2	1	1	8	5	4	3	4	4	0	2	2	1	0	1	4	1	9	3	2	5	6	
Acropora510	2	2	4	4	6	5	6	1	0	9	11	3	1	5	1	0	1	2	1	0	1	0	4	2	0	0	1	1	2	4	2	3	0	3	3	0	2	4	1	0	0	1	3	4	4	1	0	4	
Acropora511	0	0	0	0	0	0	0	0	0	0	0	0	0	0	0	0	0	0	0	0	0	0	0	0	0	0	0	0	0	0	0	0	0	0	1	0	0	0	0	0	0	0	0	0	0	1	0	0	
Acropora512	14	15	9	26	11	9	7	14	10	21	26	12	3	37	18	3	14	17	26	0	0	0	12	15	5	4	27	0	2	25	14	13	19	46	2	1	10	63	16	5	1	9	6	12	16	12	3	18	
Acropora513	0	1	0	0	0	0	0	0	0	0	0	0	0	0	0	0	0	0	0	0	0	0	0	0	0	0	0	0	0	0	0	0	0	0	0	0	0	0	0	0	0	0	0	1	0	0	0	0	
Acropora514	173	139	121	55	134	86	68	140	57	58	104	125	49	143	57	28	25	141	153	19	20	4	33	169	53	47	93	12	14	70	200	92	44	104	110	20	139	239	57	28	31	123	94	183	83	19	51	116	
Acropora515	18	39	35	24	27	39	58	61	31	29	50	37	27	49	26	7	14	32	54	14	18	10	8	44	14	16	40	5	10	42	50	59	16	48	44	4	54	51	33	22	21	31	50	82	52	15	12	33	
Acropora516	5	5	0	11	6	5	4	6	5	5	7	10	4	2	4	3	3	3	6	2	1	2	0	2	0	0	4	1	6	2	2	6	7	0	4	2	8	9	5	0	1	4	2	6	1	4	2	12	
Acropora517	0	0	0	0	0	1	0	0	1	2	1	0	0	0	1	0	2	1	0	0	0	0	0	1	0	1	0	0	0	1	0	3	0	0	0	0	0	0	1	0	0	0	0	0	0	1	0	0	
Acropora518	0	0	0	0	0	0	0	0	1	0	0	0	0	0	0	0	0	0	0	0	0	0	0	0	0	0	0	0	0	0	0	0	0	0	1	0	0	0	0	0	0	0	0	0	0	0	0	0	
Acropora519	44	74	62	30	69	57	43	45	29	29	57	61	40	42	24	11	17	53	39	13	13	12	15	44	24	7	35	1	14	69	42	72	41	63	56	17	61	109	39	5	21	50	67	63	40	27	29	44	
Acropora52	28	38	18	18	20	29	44	28	15	19	31	25	3	20	16	14	20	16	31	10	14	6	14	30	16	11	18	6	7	24	44	22	7	28	32	12	26	35	24	17	16	23	36	41	25	8	3	26	
Acropora520	22	46	53	22	64	27	49	55	13	23	60	47	34	38	17	15	12	57	33	4	10	9	18	23	25	8	27	2	17	42	32	42	18	43	29	7	46	66	15	9	9	27	44	35	29	8	9	38	
Acropora521	1	0	1	0	4	0	2	1	3	2	3	3	1	6	3	2	4	1	5	2	1	0	0	1	0	1	2	0	2	1	2	3	1	1	2	0	1	2	0	3	0	4	5	2	2	3	2	2	
Acropora522	9	4	4	9	6	5	4	6	3	6	8	9	3	5	5	7	4	6	3	3	3	2	1	1	2	1	4	2	3	9	4	13	7	2	3	0	7	8	6	0	6	7	10	9	9	1	1	8	
Acropora523	1	1	2	5	3	3	1	0	0	1	5	1	1	4	0	0	0	0	3	1	1	0	0	2	1	0	1	1	0	2	0	4	3	0	5	1	1	3	1	1	0	0	2	5	2	3	3	1	
Acropora524	46	72	57	48	60	58	46	71	48	48	78	68	38	54	78	49	48	40	75	29	21	9	25	58	30	33	68	26	28	50	52	88	49	45	62	44	52	81	41	24	15	47	53	59	57	30	28	47	
Acropora525	2	1	4	9	1	2	3	1	2	5	8	3	1	2	4	0	0	9	4	0	4	0	1	5	0	0	4	0	1	2	2	6	0	3	0	0	6	4	1	0	0	2	1	2	1	2	3	2	
Acropora526	1	2	0	0	1	0	1	0	1	0	1	0	1	1	0	1	1	0	1	1	1	0	0	1	0	0	0	0	1	0	1	1	0	3	2	0	0	0	0	0	0	0	0	3	1	0	0	0	
Acropora527	1	0	1	0	0	0	0	1	0	1	2	0	0	0	0	0	0	0	0	0	0	0	0	1	0	0	0	0	0	0	0	0	0	0	0	0	0	0	0	0	0	1	0	1	1	0	0	0	
Acropora528	0	0	0	0	0	0	0	0	0	0	0	0	0	0	0	0	0	0	0	0	0	0	0	0	0	0	1	0	0	0	0	0	0	0	1	0	1	0	0	0	0	2	0	1	0	0	0	0	
Acropora529	3	1	3	12	7	7	2	6	7	4	10	7	2	4	1	1	3	6	6	3	1	0	2	5	6	3	11	3	3	7	7	7	0	6	8	4	4	8	7	0	1	3	2	7	4	2	1	9	
Acropora530	12	28	19	11	19	18	20	27	7	19	18	20	7	7	18	9	9	15	11	8	2	0	5	6	3	3	17	1	9	14	18	14	5	18	9	6	13	16	5	2	5	16	20	14	10	5	3	15	
Acropora531	5	6	2	3	4	4	5	5	2	2	11	6	3	4	5	1	1	6	0	0	0	3	2	1	0	5	13	0	1	10	9	6	6	5	6	0	13	18	2	4	1	0	5	6	4	2	1	16	
Acropora532	23	25	13	11	19	18	31	24	9	19	33	26	17	18	20	11	14	25	25	9	7	5	8	22	10	16	19	10	16	26	18	32	23	15	23	14	15	35	20	11	9	11	24	27	30	14	5	18	
Acropora533	4	1	1	4	3	3	1	7	2	3	2	4	2	8	0	0	2	1	10	1	1	0	0	4	1	4	2	0	0	4	4	9	4	4	3	0	0	4	0	1	3	2	2	8	9	0	0	4	
Acropora534	2	0	3	0	0	0	0	1	0	0	2	0	0	0	0	0	0	1	0	0	0	0	0	0	0	0	0	0	0	0	0	0	0	0	0	0	0	0	0	0	0	0	2	1	0	0	0	0	
Acropora535	57	11	15	27	5	54	4	45	15	10	30	5	3	20	38	16	20	8	76	7	27	2	11	49	31	15	17	2	10	18	25	79	12	19	48	10	9	20	35	15	25	21	7	66	46	14	6	24	
Acropora536	8	1	3	6	1	5	0	4	4	3	2	5	2	1	5	4	4	2	9	2	1	0	1	2	3	2	2	0	1	3	3	10	5	6	1	0	3	2	2	0	2	4	3	8	12	0	1	1	
Acropora537	11	2	7	12	5	10	5	14	3	10	9	8	6	13	9	3	2	7	13	0	9	0	4	3	11	1	14	1	2	13	5	21	8	7	6	0	3	13	10	8	5	1	6	19	10	6	1	12	
Acropora538	10	3	2	25	1	19	2	11	3	14	26	3	2	12	22	14	16	10	16	3	11	3	8	12	6	3	18	1	2	10	18	22	5	6	11	2	0	31	18	6	11	8	1	14	21	6	3	11	
Acropora539	11	86	79	87	68	5	68	12	25	43	138	84	50	67	47	13	25	123	5	15	2	11	33	6	3	2	76	21	19	64	7	14	16	88	2	17	104	73	6	0	2	45	65	6	6	19	25	53	
Acropora54	0	0	1	0	2	2	0	1	0	0	2	3	2	1	0	0	1	0	1	0	0	0	0	0	0	1	0	0	0	1	0	1	0	0	1	0	2	2	0	1	0	1	1	0	0	0	0	0	
Acropora540	0	2	1	0	0	0	0	0	0	0	1	1	6	0	0	0	0	1	0	0	0	0	0	0	0	0	0	0	0	1	0	0	0	1	0	0	1	0	0	0	0	0	0	0	0	0	0	0	
Acropora541	1	2	0	0	0	0	0	0	0	0	1	0	0	0	1	0	0	0	0	0	0	0	0	1	0	0	0	0	1	0	0	0	1	2	0	0	0	2	1	0	0	0	1	0	0	0	0	0	
Acropora542	53	80	56	38	76	69	86	107	14	29	60	70	22	32	22	12	30	57	97	28	35	11	20	54	34	19	42	13	16	45	60	124	19	29	66	17	67	44	48	13	22	42	84	98	82	5	21	38	
Acropora543	3	1	2	1	0	3	2	1	0	5	5	7	1	5	5	1	2	1	5	0	0	0	0	4	2	2	1	0	2	0	7	10	0	1	2	0	4	4	2	6	4	7	4	5	7	1	0	3	
Acropora544	1	0	2	2	5	2	1	2	1	2	0	0	1	2	4	0	0	2	2	0	1	0	0	2	2	1	1	0	2	4	1	5	4	3	2	0	5	3	0	0	0	1	2	5	2	1	2	3	
Acropora545	1	0	2	0	2	0	1	0	0	3	0	1	0	0	1	0	2	0	2	0	0	0	0	0	2	0	1	0	1	0	5	0	0	1	1	0	1	1	0	0	0	0	3	1	0	1	0	2	
Acropora546	12	19	14	15	17	13	9	19	12	24	19	13	9	12	17	6	11	10	18	12	8	5	15	12	18	10	28	7	8	8	10	32	13	11	12	17	10	26	19	6	5	18	18	31	16	9	8	15	
Acropora547	0	16	7	3	3	2	8	4	1	3	4	4	2	3	3	3	2	4	0	0	1	3	0	2	0	2	3	0	0	1	3	3	0	4	4	0	2	4	2	0	1	5	12	1	5	3	3	1	
Acropora548	0	0	2	0	7	2	3	2	0	1	2	2	1	3	0	1	3	4	2	1	0	0	0	3	0	1	0	1	0	3	0	0	1	2	5	0	2	3	4	0	0	0	2	0	0	0	2	4	
Acropora549	2	5	0	5	5	5	2	6	5	1	6	1	0	2	7	10	3	11	6	1	1	1	1	3	2	6	7	4	5	6	3	8	1	7	5	2	3	6	3	4	3	3	1	4	2	2	1	1	
Acropora55	0	2	3	0	0	1	1	2	0	0	3	4	0	0	2	0	0	0	2	0	0	0	0	1	0	0	0	0	0	2	2	2	0	6	0	0	2	2	0	1	0	1	0	6	0	0	0	1	
Acropora550	7	7	4	2	8	5	1	4	12	7	5	2	13	0	11	4	5	7	8	7	7	2	4	4	4	0	4	5	9	2	2	12	5	3	6	5	6	4	4	4	3	12	4	10	5	8	5	5	
Acropora551	11	7	6	6	5	18	8	21	2	2	6	9	5	11	0	5	2	9	15	0	7	0	2	12	9	5	2	0	3	4	27	17	6	3	20	1	7	9	17	7	8	8	8	52	4	0	4	7	
Acropora552	4	7	9	0	3	6	7	3	1	0	1	5	4	3	1	2	0	12	4	5	1	1	0	10	5	2	2	0	1	4	10	6	3	3	8	0	5	2	1	1	1	2	8	12	1	3	2	1	
Acropora553	14	25	20	16	26	26	32	40	9	34	30	23	14	30	24	14	14	23	29	5	8	2	7	15	1	7	35	3	6	37	17	38	11	28	27	4	21	31	17	5	11	19	18	26	23	10	10	15	
Acropora554	34	59	71	32	72	49	31	44	16	34	55	48	26	45	25	19	28	37	52	21	20	10	17	33	21	11	44	28	17	31	37	61	26	25	29	22	57	32	21	15	7	30	38	81	23	27	20	29	
Acropora555	1	4	2	0	0	0	3	0	1	0	0	0	2	0	0	0	0	0	1	1	0	1	0	0	0	0	0	0	0	0	1	3	0	2	1	1	0	0	0	0	0	0	1	1	1	0	0	1	
Acropora556	4	14	11	2	4	5	22	6	4	7	7	6	11	15	6	7	2	4	6	0	2	3	3	3	3	0	8	0	3	7	2	3	3	7	4	0	12	6	3	1	1	9	8	7	10	3	0	8	
Acropora557	0	0	1	0	0	0	0	0	0	0	0	0	0	0	0	0	0	0	0	0	0	0	0	0	0	0	0	0	0	0	0	0	0	0	0	0	0	0	0	0	0	0	0	0	0	0	0	0	
Acropora558	2	0	5	2	3	3	2	5	1	6	1	4	1	3	3	1	4	0	3	0	1	0	4	0	0	0	2	0	0	4	1	4	2	0	1	0	1	3	0	0	1	0	2	2	2	3	1	5	
Acropora559	4	3	4	0	5	1	0	1	0	3	1	0	1	5	0	2	1	6	3	2	1	0	0	2	1	0	1	1	1	2	2	1	7	1	1	2	7	2	4	0	0	2	2	6	0	0	1	1	
Acropora56	5	5	4	3	7	6	2	4	3	3	5	3	5	3	3	1	3	2	6	0	2	0	1	7	4	0	1	0	0	5	3	6	0	5	5	0	4	11	3	4	2	4	3	11	6	0	2	3	
Acropora560	6	8	1	9	4	6	0	4	1	5	1	3	4	6	4	2	4	4	6	5	2	0	2	8	6	3	2	0	1	3	6	1	5	5	7	1	2	6	2	2	1	2	2	9	7	5	0	2	
Acropora561	4	0	2	1	4	4	0	3	2	3	2	1	2	2	2	2	0	3	4	1	0	0	3	11	5	6	4	0	2	5	11	6	0	3	3	0	2	4	4	0	1	2	2	6	2	0	0	5	
Acropora562	13	9	8	4	8	9	3	9	3	2	7	3	3	11	10	9	1	3	14	0	3	0	0	1	1	3	7	0	1	8	8	5	1	6	3	1	4	8	5	3	4	3	2	9	2	7	4	7	
Acropora563	8	17	14	5	7	7	14	9	7	13	11	15	12	14	15	6	5	11	8	0	3	1	7	9	1	3	7	1	1	5	7	13	12	13	8	3	4	15	7	3	6	6	10	15	8	4	2	9	
Acropora564	33	27	28	21	24	27	17	49	12	28	42	24	7	31	23	18	10	22	53	6	11	0	14	41	13	12	15	4	6	16	46	37	18	24	20	6	17	46	26	20	8	9	9	59	18	10	8	29	
Acropora565	96	54	51	71	43	136	73	145	50	58	118	33	25	81	64	48	54	36	144	11	64	7	42	57	57	66	99	5	15	103	138	230	67	88	105	19	56	112	116	52	45	23	60	212	136	29	21	101	
Acropora566	11	15	12	9	11	4	13	7	13	9	14	11	7	7	7	5	8	5	6	0	5	0	7	6	6	3	14	3	6	12	11	18	10	4	11	5	16	10	8	4	6	7	18	13	12	3	4	7	
Acropora567	0	0	1	1	1	0	0	2	1	6	5	0	1	4	0	0	1	4	1	0	0	0	0	3	0	0	7	0	0	4	2	2	0	4	1	0	0	4	2	0	0	0	5	4	2	1	2	2	
Acropora568	150	185	167	109	191	173	177	275	49	147	195	152	62	135	102	51	70	167	219	44	59	28	59	214	84	64	101	45	34	118	215	209	64	130	159	34	146	193	111	65	74	115	101	196	93	50	59	119	
Acropora569	13	18	12	10	15	16	11	16	18	6	14	14	19	6	22	12	12	16	16	8	7	4	6	15	12	11	11	8	17	11	11	31	9	9	18	11	7	20	8	6	5	24	18	25	15	28	5	6	
Acropora57	0	0	0	1	0	0	0	0	0	0	0	0	0	0	0	0	0	0	1	0	0	0	0	0	0	0	1	0	0	1	0	1	0	0	0	1	0	1	0	0	0	0	0	0	0	0	0	0	
Acropora570	4	11	8	3	6	11	8	16	4	4	7	9	4	2	5	2	2	3	11	3	1	4	1	5	9	3	6	5	0	10	4	14	4	4	6	0	5	13	4	6	1	4	12	8	4	4	3	6	
Acropora571	52	9	25	25	13	51	19	59	28	26	38	17	13	26	33	23	22	15	50	9	28	2	14	34	25	17	27	6	9	33	30	76	13	34	39	14	21	43	55	15	12	9	23	56	32	15	11	20	
Acropora572	38	63	46	26	26	45	73	50	25	36	41	39	14	40	52	38	48	33	28	9	34	12	16	45	21	27	37	0	30	28	36	64	24	20	40	17	41	53	41	20	32	34	50	64	50	15	21	42	
Acropora573	0	1	1	0	0	0	2	0	0	1	4	0	0	1	4	2	1	0	3	2	2	0	3	0	1	0	1	0	1	0	1	4	2	0	0	0	0	0	2	0	0	0	0	0	0	0	1	0	
Acropora574	6	4	1	1	0	0	0	4	3	3	3	4	1	2	2	4	0	2	0	0	3	0	0	1	4	7	2	0	2	6	1	3	4	1	9	1	4	11	2	4	2	2	0	6	4	3	2	4	
Acropora575	0	0	2	2	0	1	0	0	2	2	0	0	0	0	0	0	0	0	1	0	1	0	0	0	0	0	0	0	0	1	0	4	0	0	1	0	0	5	0	1	0	3	1	1	0	0	0	1	
Acropora576	8	5	14	6	12	5	17	4	5	5	9	5	3	8	5	3	3	4	7	2	2	0	5	3	2	2	7	0	2	8	6	12	1	4	6	0	6	9	9	2	0	10	10	5	9	4	1	6	
Acropora577	1190	795	881	670	827	387	468	948	726	475	877	820	315	805	1687	1263	426	818	657	155	348	76	275	407	165	1206	1094	41	197	783	475	738	1368	855	2054	103	595	2404	1237	950	2182	784	577	1924	997	543	223	1376	
Acropora578	5	9	7	3	4	7	9	9	2	6	10	5	6	5	7	11	12	4	3	5	5	3	4	11	4	1	11	1	3	6	10	13	3	7	7	5	7	20	5	0	3	4	11	9	6	2	4	6	
Acropora579	270	246	294	144	229	243	294	390	103	218	257	223	67	216	113	57	116	242	320	56	70	22	110	270	91	70	167	35	43	175	284	380	67	195	211	40	175	344	146	70	66	157	219	298	161	46	95	157	
Acropora58	1	0	0	0	1	0	0	1	0	0	0	0	0	0	0	0	0	0	0	0	0	0	0	0	0	0	2	0	0	0	0	0	0	0	0	0	0	0	0	0	0	0	0	1	0	0	0	0	
Acropora580	0	0	0	0	0	0	0	0	1	0	0	0	0	0	0	0	0	0	0	0	0	0	0	0	0	0	0	0	0	0	0	0	0	0	0	0	0	0	0	0	0	0	0	0	0	0	0	0	
Acropora582	17	29	19	17	26	21	6	26	36	19	24	11	14	17	52	23	21	14	42	8	12	9	11	19	9	13	25	12	29	21	16	34	21	26	27	17	26	48	21	8	17	43	23	49	31	27	16	31	
Acropora583	1	4	3	1	1	1	1	2	1	1	5	2	4	4	6	3	3	2	4	1	1	0	1	3	1	2	4	3	1	3	0	4	1	2	1	0	0	4	4	3	1	0	0	0	6	0	3	4	
Acropora584	41	63	47	40	61	47	62	59	39	40	62	51	40	62	55	30	30	56	69	16	15	9	19	41	17	8	37	12	30	60	42	79	34	46	39	11	61	62	25	10	24	49	85	65	27	25	19	47	
Acropora585	20	34	38	21	19	20	36	31	17	16	33	21	7	27	16	22	10	30	31	1	3	0	9	21	15	5	25	5	16	28	13	43	11	19	15	7	38	33	22	8	6	22	27	32	8	12	8	18	
Acropora586	26	34	36	19	38	28	35	30	13	21	32	20	15	27	21	18	17	34	43	10	12	10	19	25	17	10	25	5	20	47	22	41	9	15	28	10	44	36	20	13	9	24	47	36	41	20	12	37	
Acropora587	0	0	0	0	0	0	0	0	0	0	0	0	0	0	0	0	0	0	0	0	0	0	0	0	0	0	1	0	0	0	2	0	0	0	0	0	0	0	0	0	0	0	0	0	0	0	0	0	
Acropora588	80	84	76	39	74	76	77	134	37	64	89	71	34	65	51	30	38	76	121	14	23	3	26	78	56	26	55	15	36	54	84	110	35	67	43	10	82	102	66	27	25	50	73	134	56	22	17	66	
Acropora589	0	1	2	0	0	1	1	0	0	0	0	0	0	1	0	0	2	0	3	0	1	0	3	0	0	0	1	0	1	0	0	0	1	0	0	0	0	1	0	0	0	0	0	1	4	1	1	0	
Acropora59	1	2	0	0	1	0	3	1	1	2	0	0	3	1	0	1	0	3	2	0	0	0	0	0	2	0	1	4	0	0	0	1	0	0	3	0	1	0	3	1	0	0	3	2	3	0	3	1	
Acropora590	0	2	0	4	0	1	4	1	3	2	1	2	2	3	1	1	0	1	0	1	0	0	0	0	2	0	1	0	0	4	0	4	0	0	1	0	3	2	3	0	1	0	6	3	4	0	2	1	
Acropora591	0	2	1	0	1	1	1	2	0	3	0	1	0	3	2	1	1	1	1	1	2	2	1	0	0	0	4	0	2	1	0	1	0	5	0	0	5	1	1	0	0	2	3	3	0	0	0	0	
Acropora592	5	5	6	6	6	8	3	11	1	5	2	6	5	8	3	2	5	2	8	0	1	0	1	9	5	4	10	0	1	7	6	6	6	8	4	3	8	11	3	1	1	6	13	4	3	4	5	5	
Acropora593	11	10	8	6	7	13	8	7	4	4	9	7	2	10	8	4	7	8	13	0	1	1	6	13	5	4	9	2	1	3	9	12	9	7	3	2	9	15	9	5	7	2	10	9	3	3	1	6	
Acropora594	3	7	3	2	3	0	4	9	2	4	5	4	6	2	7	4	0	6	3	1	0	0	2	6	0	0	5	0	1	1	3	11	1	3	6	3	3	3	5	0	1	3	1	6	5	0	1	2	
Acropora595	40	150	126	76	108	61	82	76	46	84	146	97	43	140	52	65	54	83	83	17	33	5	47	64	28	26	98	6	30	72	54	55	49	102	38	18	86	119	57	12	23	66	80	85	54	31	24	97	
Acropora596	15	28	23	17	32	26	22	40	11	18	29	25	13	23	17	5	9	23	21	3	11	0	12	17	7	7	20	3	1	15	29	30	10	18	20	3	22	30	22	8	6	20	23	40	16	3	4	19	
Acropora597	0	1	0	0	4	1	2	1	1	2	0	0	0	0	0	0	0	0	0	0	0	0	0	2	0	1	1	0	0	2	1	1	0	1	1	0	0	3	0	0	0	0	1	1	1	0	0	0	
Acropora598	23	44	43	17	33	37	39	39	9	33	45	36	17	38	15	18	23	36	51	9	12	6	18	29	8	11	36	2	8	44	41	64	12	32	24	12	30	50	15	8	10	24	37	49	29	9	12	23	
Acropora599	148	156	158	88	195	136	108	233	53	118	174	139	86	111	84	43	52	166	178	37	34	27	48	209	58	44	75	34	37	101	180	136	68	112	131	22	136	210	73	35	59	163	61	155	54	29	52	90	
Acropora60	30	21	24	19	26	20	22	39	31	34	22	27	15	18	59	68	48	58	27	1	21	7	16	38	19	32	14	7	7	34	50	14	19	14	24	28	20	38	31	31	11	14	22	33	23	11	8	22	
Acropora600	6	22	27	17	21	15	23	26	5	10	20	21	1	23	10	8	8	14	32	4	3	0	6	26	2	8	20	4	0	10	26	31	6	14	5	0	26	24	12	6	6	6	16	24	17	4	4	13	
Acropora601	59	76	67	47	56	58	76	55	42	52	54	53	23	67	78	56	53	39	86	16	41	2	33	37	22	43	52	9	27	70	44	81	33	40	30	8	43	62	54	34	35	23	43	74	47	14	20	49	
Acropora602	726	735	723	462	819	657	839	1112	285	640	977	810	293	589	430	226	309	714	792	175	191	67	340	643	270	176	589	181	185	487	694	1023	237	507	557	144	639	1062	468	164	270	566	470	743	367	185	245	589	
Acropora603	11	38	40	37	42	23	27	21	20	30	55	46	15	29	27	13	15	25	22	8	5	2	8	14	4	4	28	5	9	53	9	17	20	32	17	7	52	51	10	5	6	19	20	19	16	5	8	34	
Acropora604	1	11	5	4	4	3	7	0	2	7	7	11	7	6	1	2	2	6	1	0	0	0	0	1	3	0	5	0	0	12	0	1	1	4	4	0	12	8	1	0	0	13	4	0	2	3	5	5	
Acropora605	21	27	26	15	28	22	24	19	31	14	27	8	10	21	23	12	7	21	36	3	6	3	9	18	10	4	14	5	16	18	23	24	25	14	28	5	14	25	20	13	13	24	22	31	20	14	8	18	
Acropora606	2	4	10	3	6	2	4	3	1	3	4	3	4	1	4	2	3	1	5	5	0	0	1	1	1	2	2	1	3	4	4	3	1	1	5	0	8	2	2	4	3	2	1	5	3	6	1	4	
Acropora607	2	4	2	6	2	3	2	3	2	6	3	2	0	4	3	3	3	1	1	0	1	0	4	3	0	2	4	0	0	9	8	12	1	4	0	2	1	19	2	1	1	2	1	3	4	2	0	1	
Acropora609	11	10	3	6	9	11	8	10	9	10	7	12	8	12	20	6	6	8	16	6	4	6	6	3	1	5	18	5	5	11	11	15	5	9	4	1	9	12	9	3	10	5	7	19	1	5	2	11	
Acropora61	0	3	1	2	3	0	0	0	0	0	0	0	1	0	0	0	0	0	0	0	0	0	0	0	1	0	2	0	0	0	0	1	0	1	0	0	0	1	0	0	0	0	2	0	0	0	0	0	
Acropora610	4	1	6	0	4	4	2	3	3	3	6	0	4	3	1	1	2	0	7	0	1	0	0	2	1	0	5	0	2	4	3	6	1	0	0	0	5	5	4	1	1	0	1	5	2	1	3	2	
Acropora611	0	0	3	0	0	0	0	0	0	0	0	0	0	0	0	0	0	0	0	0	0	0	0	0	0	0	1	0	0	1	0	0	0	0	0	0	0	0	0	0	0	0	2	1	0	0	0	0	
Acropora612	3	5	1	2	2	3	1	5	3	4	2	1	4	3	3	4	3	6	6	1	1	0	1	4	1	1	3	0	1	0	6	5	0	2	2	2	5	6	3	0	0	1	4	4	2	0	0	3	
Acropora613	5	14	6	3	6	11	5	16	2	5	9	13	1	11	7	4	4	10	11	0	1	2	1	7	5	1	3	1	0	3	4	5	0	5	7	1	11	13	6	3	0	0	7	8	2	2	1	11	
Acropora614	0	0	0	0	0	0	0	0	0	0	0	0	0	0	0	0	0	0	0	0	0	0	0	0	0	0	0	0	0	1	0	0	0	0	0	0	0	2	0	0	0	0	0	0	0	0	0	0	
Acropora615	1	1	0	0	0	1	0	1	0	3	1	0	4	2	0	0	0	0	1	1	0	0	1	0	0	0	0	0	2	1	3	0	0	0	2	1	2	0	0	0	0	0	0	0	0	1	0	1	
Acropora616	28	40	35	34	35	37	28	30	22	32	32	36	21	33	25	33	31	25	31	6	28	6	19	22	12	28	35	9	26	37	22	38	35	27	23	7	36	43	34	14	19	31	30	48	35	11	21	38	
Acropora617	1	0	0	0	0	0	0	0	0	0	0	0	0	2	0	0	0	0	0	0	0	0	0	0	1	0	0	0	0	0	0	0	0	0	2	0	0	0	0	0	0	0	0	0	0	0	0	0	
Acropora619	0	0	0	2	0	0	0	0	1	0	2	0	0	0	0	0	1	0	0	0	0	0	0	0	0	0	0	0	0	1	0	0	0	1	0	0	1	1	0	0	0	0	0	0	0	0	0	8	
Acropora62	7	8	7	4	2	5	12	3	9	3	5	9	4	3	9	1	5	7	6	3	2	3	3	5	4	3	2	1	7	3	7	8	3	7	3	4	12	3	8	1	2	12	15	11	2	3	4	3	
Acropora620	0	6	0	0	0	0	0	2	0	0	0	0	0	0	1	1	0	0	0	0	0	0	0	0	0	1	0	1	0	1	0	0	0	3	1	0	1	0	0	0	0	2	0	0	0	0	2	0	
Acropora621	2	4	1	0	0	1	1	3	2	0	3	2	0	0	2	2	3	0	3	0	2	0	2	1	2	1	3	0	1	7	1	5	2	1	0	1	2	2	6	2	0	0	3	7	1	3	0	2	
Acropora622	4	4	3	4	2	5	2	9	3	1	8	7	2	4	1	4	0	1	9	1	2	1	0	0	2	1	1	0	0	4	5	6	1	6	1	0	1	9	3	2	1	6	2	6	5	0	0	3	
Acropora623	13	33	8	17	13	16	13	13	6	19	22	23	8	18	9	22	10	9	24	13	7	4	7	13	10	8	17	0	4	21	12	21	10	7	13	9	17	17	10	2	6	11	20	26	20	5	8	13	
Acropora625	15	34	40	15	27	18	17	31	8	15	18	26	12	17	10	4	5	7	24	2	13	5	3	20	16	3	26	0	7	16	15	37	5	14	17	5	16	17	23	13	9	19	23	44	46	1	15	23	
Acropora626	0	252	593	0	4	0	5	0	0	0	0	0	0	1	1	758	0	955	25	1	0	0	0	1	4	2	1	1	9	0	0	0	1	0	0	1	71	1	0	0	4	4	1	4	0	0	6	1	
Acropora627	0	0	0	0	0	0	0	0	0	0	0	0	0	0	0	3	0	1	0	0	0	0	0	0	0	0	0	0	0	0	0	0	0	0	0	0	0	0	0	0	0	0	0	0	0	0	0	0	
Acropora628	3	1	0	1	0	0	0	0	0	0	2	3	0	1	0	1	0	0	0	0	1	2	0	1	0	0	0	0	1	1	0	1	3	0	0	2	1	1	1	0	0	0	2	0	2	0	0	0	
Acropora629	0	2	0	2	0	0	0	0	0	0	0	1	0	0	2	1	1	0	1	0	0	0	1	0	0	0	0	0	0	1	0	0	0	1	0	0	0	0	0	0	0	0	0	0	0	0	0	1	
Acropora63	62	72	71	23	47	40	49	109	31	85	95	50	6	74	43	21	44	40	92	11	32	1	34	63	33	24	69	9	18	53	103	113	42	71	47	9	16	120	41	23	20	42	55	108	63	26	28	51	
Acropora630	0	5	1	0	0	0	0	0	0	1	1	0	0	0	0	47	0	25	2	0	0	0	0	0	0	0	0	0	0	0	0	0	0	0	0	0	1	0	0	0	0	0	0	0	1	0	0	0	
Acropora631	4	2	1	3	3	1	13	3	7	4	8	4	3	9	10	0	2	2	4	1	0	0	0	3	1	0	0	0	1	5	1	2	5	0	5	1	3	5	3	0	0	0	4	2	4	0	1	3	
Acropora632	3	17	13	7	16	0	14	4	8	4	9	11	17	12	8	14	4	17	5	2	0	3	1	0	0	1	10	2	6	14	5	3	8	11	4	3	18	20	1	0	0	10	11	2	1	1	10	9	
Acropora633	0	0	0	1	0	0	1	0	0	0	0	0	0	0	0	0	1	0	0	0	0	0	1	0	0	0	0	0	0	1	0	0	0	0	0	0	0	0	0	0	0	0	0	0	0	0	0	1	
Acropora634	2	3	2	1	7	4	3	4	0	2	1	4	1	4	1	0	2	0	5	0	0	0	1	4	0	0	2	0	1	1	1	7	1	3	0	0	2	3	2	2	2	0	0	3	1	1	0	2	
Acropora635	0	2	9	2	6	1	5	2	0	1	3	7	6	3	2	0	3	8	3	3	0	0	0	1	0	0	4	0	4	2	2	3	0	1	0	3	7	1	1	1	0	0	1	1	0	1	1	1	
Acropora636	22	31	29	30	16	22	24	32	8	23	33	18	13	24	20	17	8	21	27	2	3	2	11	27	8	7	18	3	7	26	22	25	16	34	15	5	16	51	12	1	5	13	18	32	13	6	8	19	
Acropora637	2	3	2	1	4	2	4	6	10	3	5	2	3	2	3	2	6	5	4	0	2	1	3	0	4	1	1	1	2	3	1	7	3	3	2	3	3	6	3	2	0	1	5	3	2	0	1	6	
Acropora638	4	2	1	1	1	0	2	1	3	3	1	4	0	0	0	0	1	0	3	1	0	0	1	2	0	0	0	0	0	0	4	2	1	1	0	0	1	3	0	1	0	0	1	0	0	0	1	2	
Acropora639	10	6	5	3	3	7	5	15	5	6	10	7	5	11	3	2	1	2	7	1	3	0	3	3	7	1	5	0	0	8	8	4	1	10	3	2	13	7	0	0	3	3	9	22	11	3	1	5	
Acropora64	42	31	27	29	43	30	36	28	33	25	27	33	31	26	39	29	34	14	20	6	22	10	21	23	14	13	36	1	10	35	34	61	17	27	25	17	25	26	37	13	17	21	22	47	30	17	12	28	
Acropora640	0	0	0	0	0	0	0	0	0	0	0	0	1	0	0	0	0	0	0	0	0	0	1	0	0	0	0	0	1	0	0	1	0	0	0	0	0	0	0	0	0	0	0	1	0	0	0	0	
Acropora641	4	7	8	6	9	16	3	6	12	12	17	5	1	16	6	2	4	6	12	4	4	2	4	9	2	0	5	6	7	13	8	19	4	5	7	4	2	15	12	10	7	8	5	11	9	2	3	13	
Acropora642	1	0	0	0	2	0	1	3	4	2	0	1	1	1	5	6	3	3	2	1	0	2	2	3	7	1	4	2	6	1	2	5	2	3	1	0	4	0	2	0	5	6	4	2	2	3	2	0	
Acropora643	1	1	0	0	0	0	1	0	0	0	0	0	0	0	0	0	0	0	0	0	0	0	0	0	0	0	2	0	0	0	0	0	0	0	0	0	1	1	0	0	0	0	0	1	0	0	0	0	
Acropora644	0	0	0	0	0	0	0	0	0	0	0	0	0	0	1	0	0	1	0	0	0	0	0	0	0	0	0	0	0	0	1	0	2	0	0	0	0	0	0	0	0	0	0	0	0	0	0	0	
Acropora645	1	9	2	5	2	6	5	3	0	5	6	0	1	4	2	0	5	0	1	0	0	0	1	6	1	0	4	1	2	4	1	7	2	5	0	0	1	7	0	0	0	0	4	5	10	1	3	2	
Acropora646	0	0	0	0	0	0	0	0	0	0	1	0	0	0	0	0	0	0	0	0	0	0	0	0	0	0	1	0	0	0	0	0	0	0	0	0	0	0	0	0	0	0	0	0	0	0	0	0	
Acropora647	0	0	0	0	0	0	0	0	0	0	0	0	0	0	0	0	0	0	0	0	0	0	0	0	0	0	0	0	0	0	0	0	0	0	0	0	0	0	0	0	0	0	0	0	1	0	0	0	
Acropora648	3	5	3	4	4	7	9	1	0	3	5	4	2	5	2	0	0	1	8	1	0	0	1	3	0	2	5	2	4	2	3	3	2	2	4	2	7	9	1	0	0	0	3	1	0	0	0	3	
Acropora65	24	77	58	31	51	41	71	51	43	47	97	52	39	36	31	24	25	54	49	14	13	8	37	27	14	10	53	10	18	33	30	52	21	37	29	9	38	65	27	13	10	31	70	36	21	15	13	38	
Acropora650	6	10	2	4	3	5	6	8	3	7	12	6	3	2	4	5	2	0	11	1	4	0	3	7	5	3	7	1	0	9	4	7	4	7	1	2	9	5	2	2	3	4	3	4	3	2	0	5	
Acropora651	5	0	6	0	2	0	1	4	3	1	3	5	1	0	0	0	0	0	6	0	0	1	0	1	0	0	1	0	0	4	4	0	0	1	0	0	1	0	1	2	0	2	2	2	0	0	0	1	
Acropora652	0	0	0	0	0	0	1	0	0	0	0	0	0	0	0	0	2	0	0	0	0	0	0	0	0	0	1	0	0	0	1	0	0	0	0	0	0	1	0	0	0	0	1	0	0	0	0	0	
Acropora653	0	0	0	0	1	0	0	1	0	0	0	1	2	1	0	0	0	0	0	0	0	0	0	0	0	1	2	0	1	2	0	0	2	2	4	0	3	2	1	1	1	0	3	0	1	0	0	0	
Acropora654	19	35	39	24	38	26	66	55	19	38	52	31	22	19	18	14	23	45	24	8	6	4	12	31	11	10	36	6	16	22	33	39	9	28	23	6	33	50	24	10	4	32	27	26	13	6	14	19	
Acropora656	4	1	4	1	3	2	2	2	0	2	2	1	0	5	2	2	2	4	2	1	1	0	2	1	2	0	1	0	0	3	2	4	1	1	1	0	0	3	4	4	1	2	1	3	2	5	2	1	
Acropora657	1	0	2	1	0	1	0	0	1	2	3	3	0	3	1	0	7	0	3	0	0	0	0	0	0	0	1	0	0	2	2	3	0	0	0	0	0	0	0	4	1	2	3	3	0	0	2	0	
Acropora658	31	11	12	9	17	31	25	43	3	4	3	9	18	6	3	4	4	10	26	6	14	1	4	20	11	5	4	3	3	5	24	56	0	2	32	2	17	12	27	11	5	19	16	38	16	0	9	9	
Acropora659	32	3	9	32	6	49	8	37	37	36	71	2	0	51	25	12	29	4	51	0	21	0	20	19	31	19	56	2	5	65	40	77	29	62	27	2	2	33	32	15	25	0	14	104	69	15	1	48	
Acropora66	2	8	10	3	4	2	2	9	1	2	11	3	2	5	4	2	5	1	5	3	3	0	4	1	1	1	3	5	2	3	4	7	1	3	3	1	1	4	5	1	0	3	1	8	2	3	2	2	
Acropora660	5	10	12	7	16	11	3	9	9	13	19	9	5	8	21	9	18	9	3	16	5	4	3	10	9	12	9	4	6	15	11	14	21	7	11	16	6	11	24	5	6	8	20	18	14	14	4	8	
Acropora661	1	0	1	0	0	0	2	1	0	0	1	0	0	2	0	0	0	0	0	0	0	0	0	0	0	0	2	0	0	0	1	1	0	1	0	0	1	0	1	2	1	0	3	0	0	0	0	0	
Acropora662	2	0	1	0	1	1	1	3	0	1	2	2	0	1	0	1	0	1	3	1	3	0	0	3	2	0	0	0	0	1	2	3	1	0	0	0	1	1	0	0	2	0	3	3	0	1	1	3	
Acropora663	0	0	0	0	0	1	0	0	0	0	1	0	4	0	0	0	0	1	0	0	0	0	1	1	0	0	0	0	0	0	0	0	0	1	0	0	0	0	0	0	0	0	0	0	0	0	0	0	
Acropora664	0	0	0	0	3	0	0	0	0	0	0	0	0	0	0	0	0	0	0	0	0	0	0	0	0	0	0	0	0	0	0	0	0	0	0	0	0	0	0	0	0	0	0	1	0	0	0	0	
Acropora665	7	0	3	5	2	5	0	2	6	8	11	1	0	3	19	6	11	7	7	0	2	0	3	2	3	2	3	0	0	5	3	9	6	8	3	0	0	9	6	2	2	0	1	2	6	8	0	3	
Acropora667	8	11	10	17	12	15	11	10	17	20	14	13	7	15	8	4	11	7	15	5	7	1	11	8	5	3	16	4	7	15	8	20	3	16	8	9	9	12	11	2	4	11	9	18	4	6	10	13	
Acropora669	8	0	0	15	1	6	0	3	7	16	12	1	0	9	23	10	18	7	2	0	1	0	1	4	4	2	7	0	0	15	13	7	5	3	4	0	1	11	0	3	4	0	0	7	4	8	0	17	
Acropora67	7	9	8	19	11	11	8	18	4	13	11	15	7	8	18	16	11	6	12	2	11	2	4	5	3	5	6	1	6	14	11	14	3	13	12	0	8	24	10	5	5	8	11	20	17	2	7	10	
Acropora670	2	3	3	1	3	2	3	4	4	2	2	3	0	6	0	0	3	5	0	1	0	0	3	1	0	0	0	1	2	6	1	3	5	3	1	0	2	3	1	0	1	3	3	1	0	1	0	6	
Acropora671	14	20	32	28	22	18	40	21	20	18	39	27	25	16	28	18	25	16	32	19	23	7	24	17	12	18	18	20	24	25	14	40	9	14	22	17	29	24	26	18	5	16	30	23	15	20	25	19	
Acropora672	25	10	14	17	10	19	14	13	6	11	21	15	7	16	16	10	20	11	22	2	9	1	5	22	8	7	21	2	5	14	23	24	4	19	18	3	16	27	16	8	3	8	13	22	10	5	3	11	
Acropora673	25	36	15	37	31	33	31	34	14	27	68	24	20	34	30	21	20	18	30	9	14	1	13	17	3	6	33	5	9	39	28	24	26	33	12	4	29	40	28	10	9	18	31	34	6	21	9	38	
Acropora674	10	13	15	17	14	12	12	11	2	7	25	11	6	11	6	6	16	10	14	4	1	1	6	6	6	2	14	6	1	13	13	4	7	11	5	5	12	29	7	3	0	7	13	14	10	7	0	15	
Acropora675	1	0	0	1	0	0	0	0	0	0	0	0	0	0	1	0	1	0	0	0	0	0	2	0	0	1	0	0	0	0	0	0	0	0	0	0	0	0	0	2	2	0	0	1	0	0	0	0	
Acropora678	0	0	3	1	2	2	7	3	0	1	2	2	0	2	3	0	0	7	2	0	0	0	3	1	2	0	2	0	0	1	3	1	0	0	2	1	2	0	3	0	1	0	0	0	0	0	0	0	
Acropora679	1	0	1	1	2	1	1	1	0	2	1	3	0	0	0	2	1	0	1	1	0	0	1	0	0	0	3	0	1	1	0	1	0	2	1	0	5	1	1	0	1	1	0	2	2	2	0	0	
Acropora68	20	24	26	7	20	20	15	18	22	21	24	13	11	23	18	34	20	24	27	12	25	1	13	17	6	17	9	2	7	20	19	30	9	16	20	8	16	34	24	11	12	7	28	31	26	6	10	18	
Acropora680	0	1	0	0	0	0	0	0	0	0	0	0	0	0	0	0	0	0	0	0	0	0	0	0	0	0	1	0	4	0	0	0	0	0	0	0	0	1	0	0	0	0	0	0	0	0	0	0	
Acropora681	0	0	0	0	0	0	0	0	0	0	0	0	0	0	0	0	0	0	0	0	0	0	0	0	0	0	0	0	0	0	0	0	0	0	1	0	0	0	1	0	1	0	1	1	0	3	0	0	
Acropora683	7	7	7	16	8	76	15	8	5	7	8	10	27	3	7	4	3	2	3	5	14	2	4	7	24	11	11	4	2	7	13	25	7	11	12	1	40	16	12	15	13	9	22	9	9	1	4	1	
Acropora684	1	1	1	0	0	1	2	1	0	0	0	0	0	0	0	0	0	0	0	1	0	0	0	0	0	0	0	0	0	0	1	4	0	2	0	0	0	0	0	0	1	0	1	1	2	0	0	3	
Acropora685	0	0	1	0	1	0	3	0	1	1	1	2	1	1	0	0	1	2	2	0	0	0	0	0	0	0	0	0	0	0	1	1	0	0	2	0	2	1	0	0	0	1	1	0	0	1	0	2	
Acropora686	43	77	45	33	32	46	60	39	21	26	56	46	33	43	32	24	37	35	59	3	22	0	15	19	21	23	45	4	8	70	34	52	26	36	31	16	34	56	61	21	13	25	72	78	59	22	17	28	
Acropora687	314	489	402	182	378	367	482	439	171	239	301	327	164	276	287	197	139	272	417	56	144	41	146	269	130	234	252	35	112	317	366	390	206	306	391	105	250	473	313	186	213	224	480	531	387	139	151	233	
Acropora688	2	7	7	3	9	5	10	8	6	9	6	7	4	6	9	0	8	2	4	0	1	0	7	2	2	2	8	0	3	4	3	9	2	7	1	8	9	5	8	4	7	1	5	6	6	5	0	4	
Acropora689	1	0	0	2	0	0	0	1	0	0	0	1	0	0	2	1	0	0	0	0	0	0	0	0	0	0	1	0	0	0	1	3	0	3	0	0	0	1	0	0	1	0	2	0	0	0	1	0	
Acropora69	23	18	23	14	13	18	17	23	9	14	26	18	11	20	20	14	15	13	21	7	10	2	16	14	8	10	30	13	34	21	18	28	17	38	16	10	23	39	24	11	7	16	25	34	39	11	12	29	
Acropora690	22	38	34	26	28	9	64	32	22	26	38	36	20	27	34	15	23	29	32	3	3	0	9	16	13	11	31	4	8	28	29	48	27	26	12	5	23	43	16	8	14	18	43	44	20	3	16	20	
Acropora691	9	10	14	10	8	4	15	10	17	16	15	14	7	13	28	16	13	7	12	7	5	1	9	13	3	10	2	5	11	8	10	20	5	13	14	5	6	28	5	5	7	13	2	18	14	23	6	11	
Acropora692	6	1	2	5	2	3	1	2	2	0	0	1	1	3	2	0	0	0	0	0	1	0	1	1	0	4	1	0	0	1	1	1	4	3	2	0	0	0	1	1	0	3	1	4	4	0	0	0	
Acropora693	849	1057	1203	586	1007	974	1418	1402	414	755	1110	1017	410	831	503	244	505	1035	1126	262	212	138	415	886	372	260	797	182	246	746	1010	1023	361	771	946	215	775	1206	549	277	347	653	935	1302	544	269	328	683	
Acropora694	56	94	67	37	58	64	84	73	100	81	54	37	41	49	161	118	97	36	57	14	81	24	55	29	36	105	62	5	54	79	60	94	95	67	76	47	50	91	128	72	74	50	99	105	149	33	54	44	
Acropora696	0	0	0	0	0	0	0	0	1	0	0	1	1	1	2	0	0	0	2	0	0	0	2	0	0	0	1	0	1	0	0	0	0	1	0	0	2	0	0	0	1	3	1	0	0	0	0	1	
Acropora697	0	0	0	0	1	0	0	0	0	0	1	0	0	1	2	0	0	0	0	0	0	0	0	0	0	0	0	0	0	0	0	0	0	0	0	0	0	2	0	0	0	0	0	1	0	0	0	2	
Acropora698	1	3	0	6	5	4	2	8	5	5	5	5	0	2	4	3	10	4	5	2	6	0	1	3	6	3	4	1	3	6	1	5	8	1	4	4	7	3	2	0	4	0	2	5	3	6	6	2	
Acropora699	0	0	0	1	1	4	0	0	0	0	0	1	0	0	1	0	0	1	0	0	0	0	0	0	0	0	1	0	0	0	1	0	0	0	1	0	0	0	0	0	0	0	0	0	0	0	0	0	
Acropora70	111	112	98	79	140	113	123	141	49	97	133	107	54	113	79	75	78	109	134	44	66	19	61	107	53	34	110	25	33	86	121	161	63	106	89	37	93	173	85	33	21	62	103	132	87	35	37	87	
Acropora700	3	4	5	3	3	2	2	3	0	1	3	3	0	2	0	3	0	1	5	2	0	2	1	2	3	0	7	1	0	3	3	2	1	2	0	1	2	10	2	0	1	2	1	10	4	0	1	3	
Acropora701	4	1	0	4	1	4	5	6	1	0	6	3	0	4	2	2	1	3	5	2	2	2	1	4	2	0	3	0	2	8	2	8	0	1	3	3	0	8	2	1	2	1	8	8	5	4	0	4	
Acropora702	0	0	0	0	0	0	3	2	0	0	1	2	0	0	0	0	0	0	1	0	0	0	1	1	0	0	0	0	0	3	1	3	2	0	1	0	3	0	2	0	0	0	0	1	0	2	4	1	
Acropora703	1	1	3	4	2	5	4	2	2	1	7	1	2	4	2	2	2	0	0	0	4	0	0	1	2	1	5	0	1	0	1	3	0	0	1	0	6	4	2	0	1	0	5	12	2	2	2	1	
Acropora704	11	13	12	15	26	17	14	22	3	10	19	8	8	16	4	3	4	11	13	6	8	0	3	17	7	1	15	0	5	20	20	18	18	9	7	5	12	14	6	5	3	7	9	29	8	6	9	21	
Acropora705	1	0	0	0	2	0	0	0	0	3	1	0	0	5	1	0	1	0	0	0	0	0	0	0	0	0	0	1	1	1	2	4	6	1	0	0	0	1	0	0	1	1	2	1	1	0	0	3	
Acropora706	0	0	3	2	1	1	3	1	0	2	2	1	0	0	0	0	0	0	0	3	0	2	0	0	1	0	0	3	0	0	0	3	0	0	1	4	4	0	1	0	0	1	0	0	0	1	3	1	
Acropora707	5	10	2	4	9	6	10	9	11	12	7	16	11	8	12	0	1	4	9	1	0	0	7	15	4	5	5	0	8	12	8	11	5	10	3	1	7	10	7	4	0	3	5	11	8	5	3	9	
Acropora708	9	23	9	27	10	18	23	15	12	10	28	21	15	24	9	1	17	6	13	11	9	1	2	15	3	4	38	1	7	17	23	21	19	15	12	7	11	21	8	4	2	6	27	19	11	6	10	13	
Acropora709	26	65	45	33	49	36	47	58	20	41	71	39	20	59	27	17	28	74	35	7	18	4	15	28	24	5	54	10	9	59	38	56	14	57	34	10	50	67	22	8	12	35	70	55	26	12	21	46	
Acropora71	34	30	38	32	32	50	41	38	34	44	50	31	29	44	38	33	20	12	38	10	34	4	17	28	24	23	49	3	24	38	18	55	16	30	27	11	35	52	35	9	13	16	36	57	37	7	19	29	
Acropora710	0	0	0	0	0	0	0	2	0	0	0	0	0	1	0	0	0	0	3	0	0	0	0	0	0	0	0	0	0	0	0	0	0	0	0	0	0	0	0	0	0	0	0	0	0	0	0	0	
Acropora711	10	8	16	3	12	5	15	8	4	7	11	4	2	4	9	3	5	11	7	3	2	0	6	9	3	3	11	0	8	7	10	12	5	10	11	2	11	17	4	1	2	3	15	15	6	2	5	6	
Acropora712	39	83	60	43	87	59	102	79	73	89	125	101	38	55	128	61	37	87	76	38	37	12	27	45	21	26	59	28	32	86	61	81	66	54	56	42	78	70	55	12	19	50	72	95	38	39	22	57	
Acropora713	0	0	0	0	0	0	0	0	0	0	0	0	0	0	0	0	0	0	0	0	0	0	0	0	0	0	0	1	0	0	0	0	0	0	0	0	0	0	0	0	0	0	0	0	0	0	0	0	
Acropora714	45	24	15	34	53	12	52	29	71	96	34	15	56	10	137	92	128	51	18	127	27	43	73	42	40	47	36	64	66	28	8	87	101	21	62	129	66	31	49	40	36	53	10	30	47	100	60	32	
Acropora715	0	0	0	0	0	1	0	0	0	0	0	0	0	0	1	2	2	2	0	1	0	0	0	0	0	0	0	1	1	0	0	1	0	0	0	0	1	0	1	0	0	0	0	1	0	5	3	0	
Acropora716	0	1	0	0	0	0	2	0	0	0	0	0	0	0	1	0	0	1	1	0	0	0	0	0	0	0	0	0	1	0	3	1	0	0	0	0	2	1	0	0	0	0	1	0	1	0	1	1	
Acropora717	0	0	0	1	0	0	0	0	0	0	0	0	0	0	0	0	0	0	0	0	0	0	0	0	0	0	0	0	0	0	0	0	0	0	0	0	0	0	0	0	0	0	0	0	0	0	0	0	
Acropora718	0	3	2	2	2	1	1	1	1	0	1	1	1	1	2	0	2	0	2	0	0	0	0	2	1	1	0	1	0	1	2	1	1	0	1	0	0	1	1	0	1	3	3	1	0	0	0	1	
Acropora719	0	0	0	0	0	0	0	0	0	0	0	2	0	0	0	0	0	0	0	0	0	0	0	0	0	0	0	0	0	0	0	0	0	0	0	0	0	0	0	0	0	0	0	0	0	0	0	0	
Acropora72	27	29	18	36	80	22	27	22	6	8	37	48	14	72	21	19	16	50	26	4	11	9	5	44	9	16	59	23	6	22	76	21	21	17	30	17	68	92	14	11	7	32	18	37	17	26	31	26	
Acropora720	0	0	2	0	1	1	0	1	1	1	2	1	0	0	0	0	0	1	0	0	0	0	1	0	0	0	0	0	0	1	0	2	0	0	1	1	2	2	1	0	0	0	0	0	0	0	0	0	
Acropora722	4	13	4	8	11	3	7	7	3	6	13	3	1	9	8	3	7	5	6	0	4	0	2	6	0	2	10	2	9	10	9	13	7	9	6	1	13	14	10	0	1	6	23	14	8	2	0	4	
Acropora723	6	4	5	1	7	2	4	1	7	5	7	4	4	2	10	6	1	6	3	2	7	3	3	7	7	6	7	3	9	8	1	9	9	6	8	6	6	5	7	3	6	5	6	4	11	9	3	3	
Acropora724	4	8	3	2	5	2	6	0	5	4	6	8	4	3	5	6	0	1	2	3	0	0	2	5	2	4	5	2	2	4	8	3	3	2	4	0	4	8	4	1	1	5	2	8	2	4	2	8	
Acropora725	24	39	42	37	35	24	52	37	25	17	41	33	20	31	37	6	35	24	21	12	17	2	5	22	9	8	20	10	11	26	32	48	19	22	14	9	24	35	33	9	5	12	33	43	18	7	9	22	
Acropora726	0	1	0	0	0	0	0	0	2	1	3	2	1	0	0	0	0	0	0	0	0	0	0	3	0	0	0	0	0	1	1	0	0	1	0	0	0	1	0	2	0	0	1	2	0	0	0	0	
Acropora727	4	19	6	5	17	18	16	17	12	13	18	8	6	6	13	7	7	6	18	2	7	2	3	11	7	3	24	5	9	10	9	29	11	7	6	2	11	26	20	2	5	4	8	18	16	8	6	20	
Acropora728	43	66	60	35	48	64	65	54	35	62	75	56	38	70	54	23	52	36	77	10	29	6	31	38	27	34	59	6	23	50	83	141	40	34	41	12	61	68	64	23	23	54	78	82	63	38	18	46	
Acropora729	44	50	56	47	53	48	63	80	36	58	78	52	27	45	48	35	46	27	71	20	33	12	31	37	33	33	83	15	20	62	45	102	34	70	69	14	56	118	78	20	39	33	57	119	82	36	34	58	
Acropora73	71	78	54	25	76	34	32	38	8	25	56	89	28	75	26	32	18	259	49	18	26	26	12	87	26	25	100	13	17	42	204	61	13	27	59	20	131	43	33	20	18	54	55	62	27	12	38	31	
Acropora730	1	2	2	0	2	2	3	6	4	0	3	1	1	1	7	2	1	6	1	0	1	0	0	5	2	1	5	3	2	3	3	7	4	3	1	0	2	2	1	0	3	3	6	7	0	2	3	0	
Acropora731	2	6	9	0	3	4	2	4	0	4	8	6	4	3	1	4	1	1	6	0	1	0	4	3	4	3	10	2	3	12	8	3	8	5	6	1	7	17	2	1	4	7	7	10	5	3	2	13	
Acropora732	0	0	0	0	0	0	2	0	0	0	0	0	0	0	0	0	0	0	0	0	0	0	0	0	0	0	0	0	0	0	0	0	0	0	0	0	0	0	0	0	0	0	1	0	0	0	0	0	
Acropora733	0	0	0	0	0	2	0	0	0	0	0	0	0	0	0	0	0	0	0	0	0	0	0	0	0	0	0	0	0	0	0	0	0	0	0	0	0	1	0	0	0	0	0	0	0	0	0	0	
Acropora734	77	74	62	75	73	82	82	68	79	75	105	62	47	81	111	53	67	43	74	9	21	12	50	65	28	37	72	29	33	60	56	104	63	65	65	23	57	125	79	23	34	79	95	114	88	38	26	69	
Acropora735	0	5	0	0	0	1	4	1	0	0	2	1	0	0	3	0	1	1	0	0	0	0	2	0	2	0	1	0	0	2	3	1	2	2	3	0	1	4	0	0	0	0	1	3	1	1	0	2	
Acropora736	2	0	1	3	6	5	1	5	0	2	5	3	1	2	6	0	1	0	3	0	0	0	0	1	3	0	1	0	0	2	2	3	0	3	5	0	1	3	0	1	0	0	1	6	2	3	0	1	
Acropora737	0	0	1	2	3	1	1	1	0	0	1	1	0	2	1	0	0	0	3	1	0	0	2	1	0	3	1	0	0	0	0	0	0	3	0	1	1	1	0	0	0	1	0	2	4	0	0	1	
Acropora738	5	7	6	5	8	1	2	9	7	4	9	5	1	0	3	2	2	6	10	0	4	0	4	10	4	3	5	0	2	4	5	1	4	1	11	2	4	5	3	6	3	2	2	10	3	5	2	6	
Acropora74	34	23	55	21	24	28	46	44	35	18	42	27	15	16	31	21	25	25	39	8	12	1	14	23	7	10	14	5	10	24	19	45	12	23	26	5	22	26	23	19	4	19	32	28	22	4	21	16	
Acropora740	1	1	0	3	0	1	6	3	0	1	4	1	0	2	0	0	0	2	0	0	0	0	0	1	1	0	0	1	0	7	1	3	0	2	3	0	1	2	1	0	0	1	3	2	0	0	0	0	
Acropora75	9	7	6	0	10	6	6	24	2	9	12	8	2	0	10	4	11	8	5	0	5	2	6	8	1	10	2	0	2	6	9	21	6	4	7	2	10	5	18	9	3	5	6	10	9	4	0	2	
Acropora76	2	1	0	2	5	4	1	8	1	5	5	4	0	2	0	0	2	1	2	0	4	0	6	3	1	0	2	0	1	3	1	3	1	1	0	1	5	6	2	0	4	0	3	5	1	0	0	1	
Acropora77	55	72	61	40	72	58	49	59	29	53	74	39	34	48	39	17	35	51	55	20	16	7	27	44	13	8	41	8	14	42	48	82	27	37	39	13	54	80	46	14	12	41	49	63	33	15	21	40	
Acropora78	19	21	38	34	27	27	27	43	17	36	45	34	18	31	20	10	10	16	29	8	2	1	10	15	8	9	22	6	4	18	18	27	7	19	13	7	28	33	15	6	10	23	20	29	18	9	6	21	
Acropora79	10	19	23	8	16	9	32	25	16	14	16	16	14	10	21	11	23	8	14	5	12	5	8	12	13	14	16	3	7	16	13	22	14	13	13	10	24	32	35	13	17	14	30	30	27	12	12	18	
Acropora80	22	35	15	24	28	23	37	37	19	23	33	23	12	29	11	10	15	15	46	9	13	1	16	17	8	4	33	0	11	17	21	45	8	16	10	4	16	39	19	7	15	17	21	27	25	5	13	18	
Acropora81	4	2	2	3	3	6	4	2	4	9	4	3	2	1	4	3	0	4	2	1	2	1	2	5	1	4	3	3	1	2	1	6	0	3	0	2	0	3	5	1	2	1	3	3	1	2	0	4	
Acropora82	20	89	79	22	64	19	70	22	14	22	36	76	33	22	12	10	9	81	26	12	11	3	18	15	9	2	26	9	32	19	16	31	9	24	10	15	70	21	18	4	7	38	54	33	23	3	17	28	
Acropora83	19	19	19	21	12	21	18	17	24	18	19	9	7	18	27	25	14	20	24	22	10	3	10	8	14	9	20	14	24	7	9	29	13	13	11	11	19	23	22	13	12	9	15	28	16	18	15	27	
Acropora84	21	27	22	8	20	16	24	16	19	11	16	14	16	16	17	5	13	13	13	10	7	2	8	15	7	7	10	1	11	12	8	29	9	6	5	11	15	20	12	6	4	7	22	19	16	9	8	6	
Acropora85	7	6	6	1	6	9	7	3	13	10	5	6	7	6	7	7	5	3	4	1	6	1	4	1	5	9	3	4	7	3	3	9	9	5	6	5	2	6	24	14	12	8	17	12	15	7	12	6	
Acropora86	0	2	0	5	2	3	1	1	2	2	3	2	0	8	9	0	0	1	1	0	2	0	2	7	2	0	2	0	0	5	9	1	1	5	1	0	2	2	4	2	1	0	9	4	3	4	0	2	
Acropora87	7	7	3	4	5	4	13	8	7	8	12	4	2	5	15	3	4	4	11	0	3	0	8	5	1	3	5	0	4	5	3	3	3	7	1	1	6	8	6	0	4	1	9	21	15	6	0	4	
Acropora88	11	10	11	16	6	17	14	14	13	11	13	13	3	11	10	5	2	10	19	0	3	2	6	17	5	0	20	2	1	13	11	9	2	9	2	1	7	12	4	1	4	1	8	15	4	4	5	7	
Acropora89	1	2	1	0	0	0	2	0	0	0	1	1	0	1	0	1	0	2	0	0	0	0	0	0	2	0	1	0	0	0	3	2	0	0	0	0	1	1	0	3	0	0	0	1	0	0	0	1	
Acropora90	0	0	0	0	0	0	1	0	0	0	0	2	0	0	0	0	0	0	0	0	0	0	0	0	0	0	0	0	0	0	0	0	0	0	1	0	0	0	0	0	0	0	0	0	0	0	0	0	
Acropora91	91	108	92	45	87	93	93	132	30	82	108	67	39	66	42	24	51	83	91	10	41	7	39	74	30	25	79	9	32	75	103	130	30	77	76	10	83	103	53	30	32	59	91	113	77	25	30	68	
Acropora92	6	8	12	4	4	3	15	2	4	5	6	5	8	7	6	3	2	2	7	1	4	3	4	4	6	3	10	0	3	18	11	10	8	11	13	4	16	10	10	6	5	6	19	16	7	3	3	11	
Acropora93	4	1	0	0	2	2	2	6	0	0	4	2	3	1	1	0	1	0	1	0	0	0	0	0	0	0	0	0	0	0	0	2	0	0	0	0	0	3	4	0	0	0	1	7	5	2	0	1	
Acropora94	33	54	43	34	31	42	48	57	22	45	73	40	22	34	35	15	36	38	42	9	19	10	21	29	22	13	41	17	20	36	49	57	18	39	15	12	36	56	29	14	10	22	24	43	24	20	22	29	
Acropora95	19	37	58	32	28	32	28	32	16	33	51	26	7	29	23	13	18	26	30	8	8	0	12	22	8	10	41	2	14	38	25	42	22	28	10	9	36	49	27	5	13	19	30	38	36	11	4	54	
Acropora96	27	40	38	43	43	16	60	57	28	48	78	38	19	67	51	28	30	54	43	7	13	4	21	25	16	11	80	5	13	60	29	50	30	49	30	8	35	59	44	13	9	23	38	57	17	10	17	76	
Acropora97	0	0	0	0	0	0	0	0	5	1	0	1	0	0	0	0	1	0	0	0	0	1	0	0	0	0	1	0	0	0	0	1	1	0	0	0	0	0	0	1	0	0	0	1	0	0	0	0	
Acropora98	22	9	21	9	6	11	15	17	13	8	24	11	9	4	12	7	13	16	17	12	2	3	5	11	6	10	26	6	2	27	32	39	13	26	12	7	18	15	11	6	12	11	43	30	28	10	11	15	
Acropora99	3	5	5	20	4	7	5	3	0	6	17	9	5	12	5	1	0	6	5	0	0	0	8	4	2	1	1	0	0	5	5	8	7	11	9	0	5	8	4	1	3	0	10	11	5	3	3	12	
