Sample	FastQC_mqc-generalstats-fastqc-percent_gc	FastQC_mqc-generalstats-fastqc-avg_sequence_length	FastQC_mqc-generalstats-fastqc-median_sequence_length	FastQC_mqc-generalstats-fastqc-percent_fails	FastQC_mqc-generalstats-fastqc-total_sequences
ACER-112_S69_L001_R1_001	43.0	101.0	101	36.36363636363637	13680610.0
ACER-124_S70_L001_R1_001	42.0	101.0	101	45.45454545454545	13426280.0
Acer-005_S23_L001_R1_001	43.0	101.0	101	36.36363636363637	11893867.0
Acer-009_S24_L001_R1_001	43.0	101.0	101	36.36363636363637	13209851.0
Acer-019_S25_L001_R1_001	44.0	101.0	101	36.36363636363637	13340389.0
Acer-021_S26_L001_R1_001	45.0	101.0	101	36.36363636363637	11816133.0
Acer-022_S27_L001_R1_001	44.0	101.0	101	36.36363636363637	13786013.0
Acer-029_S28_L001_R1_001	45.0	101.0	101	36.36363636363637	11690763.0
Acer-030_S29_L001_R1_001	43.0	101.0	101	36.36363636363637	12892034.0
Acer-034_S30_L001_R1_001	44.0	101.0	101	36.36363636363637	15041032.0
Acer-038_S31_L001_R1_001	40.0	101.0	101	45.45454545454545	11570068.0
Acer-041_S32_L001_R1_001	40.0	101.0	101	45.45454545454545	13899610.0
Acer-042_S33_L001_R1_001	44.0	101.0	101	36.36363636363637	14013158.0
Acer-043_S34_L001_R1_001	44.0	101.0	101	36.36363636363637	13173395.0
Acer-045_S35_L001_R1_001	45.0	101.0	101	36.36363636363637	14424718.0
Acer-055_S36_L001_R1_001	44.0	101.0	101	27.27272727272727	11795849.0
Acer-056_S37_L001_R1_001	39.0	101.0	101	45.45454545454545	16734417.0
Acer-057_S38_L001_R1_001	38.0	101.0	101	45.45454545454545	13126670.0
Acer-059_S39_L001_R1_001	37.0	101.0	101	45.45454545454545	13417235.0
Acer-063_S40_L001_R1_001	44.0	101.0	101	36.36363636363637	13968542.0
Acer-064_S41_L001_R1_001	44.0	101.0	101	36.36363636363637	13687891.0
Acer-068_S42_L001_R1_001	39.0	101.0	101	45.45454545454545	8880017.0
Acer-069_S43_L001_R1_001	40.0	101.0	101	45.45454545454545	12205253.0
Acer-072_S44_L001_R1_001	32.0	101.0	101	45.45454545454545	6299928.0
Acer-074_S45_L001_R1_001	39.0	101.0	101	45.45454545454545	10027271.0
Acer-078_S46_L001_R1_001	45.0	101.0	101	36.36363636363637	12982523.0
Acer-079_S47_L001_R1_001	44.0	101.0	101	36.36363636363637	8999379.0
Acer-082_S48_L001_R1_001	39.0	101.0	101	45.45454545454545	8925185.0
Acer-083_S49_L001_R1_001	44.0	101.0	101	36.36363636363637	10765315.0
Acer-089_S50_L001_R1_001	40.0	101.0	101	45.45454545454545	6642725.0
Acer-091_S51_L001_R1_001	42.0	101.0	101	45.45454545454545	9667701.0
Acer-094_S52_L001_R1_001	45.0	101.0	101	27.27272727272727	12461234.0
Acer-095_S53_L001_R1_001	45.0	101.0	101	36.36363636363637	11546185.0
Acer-096_S54_L001_R1_001	41.0	101.0	101	45.45454545454545	11893894.0
Acer-097_S55_L001_R1_001	40.0	101.0	101	45.45454545454545	9525611.0
Acer-102_S56_L001_R1_001	44.0	101.0	101	36.36363636363637	10786783.0
Acer-106_S57_L001_R1_001	43.0	101.0	101	45.45454545454545	11865741.0
Acer-108_S58_L001_R1_001	40.0	101.0	101	45.45454545454545	6537998.0
Acer-110_S59_L001_R1_001	45.0	101.0	101	36.36363636363637	13224558.0
Acer-113_S60_L001_R1_001	41.0	101.0	101	45.45454545454545	14877314.0
Acer-114_S61_L001_R1_001	39.0	101.0	101	45.45454545454545	7959769.0
Acer-123_S62_L001_R1_001	43.0	101.0	101	36.36363636363637	8075522.0
Acer-137_S63_L001_R1_001	43.0	101.0	101	36.36363636363637	10239279.0
Acer-139_S64_L001_R1_001	44.0	101.0	101	36.36363636363637	16437956.0
Acer-141_S65_L001_R1_001	43.0	101.0	101	36.36363636363637	13820239.0
Acer-143_S66_L001_R1_001	40.0	101.0	101	45.45454545454545	8023742.0
Acer-146_S67_L001_R1_001	36.0	101.0	101	45.45454545454545	8962152.0
Acer-150_S68_L001_R1_001	44.0	101.0	101	36.36363636363637	9775896.0
Pcli-003_S71_L001_R1_001	43.0	101.0	101	45.45454545454545	12246859.0
Pcli-004_S72_L001_R1_001	44.0	101.0	101	45.45454545454545	2614591.0
Pcli-006_S73_L001_R1_001	44.0	101.0	101	45.45454545454545	9496745.0
Pcli-008_S74_L001_R1_001	45.0	101.0	101	45.45454545454545	10885135.0
Pcli-011_S114_L001_R1_001	41.0	101.0	101	54.54545454545454	392451.0
Pcli-015_S75_L001_R1_001	43.0	101.0	101	45.45454545454545	3652472.0
Pcli-018_S76_L001_R1_001	44.0	101.0	101	45.45454545454545	3868556.0
Pcli-024_S77_L001_R1_001	44.0	101.0	101	45.45454545454545	16822781.0
Pcli-026_S78_L001_R1_001	43.0	101.0	101	45.45454545454545	19393115.0
Pcli-028_S79_L001_R1_001	43.0	101.0	101	45.45454545454545	15668221.0
Pcli-029_S80_L001_R1_001	43.0	101.0	101	45.45454545454545	15100209.0
Pcli-033_S81_L001_R1_001	44.0	101.0	101	45.45454545454545	18575961.0
Pcli-038_S82_L001_R1_001	43.0	101.0	101	45.45454545454545	11725284.0
Pcli-039_S83_L001_R1_001	44.0	101.0	101	45.45454545454545	3000014.0
Pcli-040_S84_L001_R1_001	43.0	101.0	101	45.45454545454545	9165183.0
Pcli-045_S85_L001_R1_001	43.0	101.0	101	45.45454545454545	1745492.0
Pcli-049_S86_L001_R1_001	43.0	101.0	101	45.45454545454545	11664169.0
Pcli-050_S87_L001_R1_001	43.0	101.0	101	45.45454545454545	10468927.0
Pcli-052_S88_L001_R1_001	43.0	101.0	101	45.45454545454545	21234558.0
Pcli-055_S89_L001_R1_001	42.0	101.0	101	45.45454545454545	2770431.0
Pcli-058_S90_L001_R1_001	44.0	101.0	101	45.45454545454545	1239658.0
Pcli-064_S91_L001_R1_001	43.0	101.0	101	45.45454545454545	1050762.0
Pcli-066_S92_L001_R1_001	43.0	101.0	101	45.45454545454545	663230.0
Pcli-067_S93_L001_R1_001	42.0	101.0	101	45.45454545454545	4273792.0
Pcli-069_S94_L001_R1_001	43.0	101.0	101	45.45454545454545	1509835.0
Pcli-070_S95_L001_R1_001	43.0	101.0	101	45.45454545454545	15036329.0
Pcli-075_S96_L001_R1_001	43.0	101.0	101	45.45454545454545	16893955.0
Pcli-076_S97_L001_R1_001	44.0	101.0	101	45.45454545454545	3822709.0
Pcli-077_S98_L001_R1_001	43.0	101.0	101	45.45454545454545	9536367.0
Pcli-079_S99_L001_R1_001	43.0	101.0	101	45.45454545454545	3754659.0
Pcli-091_S100_L001_R1_001	43.0	101.0	101	45.45454545454545	10000767.0
Pcli-094_S101_L001_R1_001	43.0	101.0	101	45.45454545454545	10965339.0
Pcli-096_S102_L001_R1_001	43.0	101.0	101	45.45454545454545	10197898.0
Pcli-101_S103_L001_R1_001	43.0	101.0	101	45.45454545454545	3268809.0
Pcli-103_S104_L001_R1_001	42.0	101.0	101	45.45454545454545	9722436.0
Pcli-105_S105_L001_R1_001	42.0	101.0	101	45.45454545454545	16685316.0
Pcli-109_S106_L001_R1_001	43.0	101.0	101	45.45454545454545	16128393.0
Pcli-111_S107_L001_R1_001	44.0	101.0	101	45.45454545454545	11145711.0
Pcli-114_S108_L001_R1_001	43.0	101.0	101	45.45454545454545	473700.0
Pcli-115_S109_L001_R1_001	43.0	101.0	101	45.45454545454545	10813124.0
Pcli-120_S110_L001_R1_001	42.0	101.0	101	45.45454545454545	20639733.0
Pcli-124_S115_L001_R1_001	43.0	101.0	101	45.45454545454545	2952368.0
Pcli-126_S111_L001_R1_001	43.0	101.0	101	45.45454545454545	20201567.0
Pcli-128_S116_L001_R1_001	43.0	101.0	101	45.45454545454545	23415093.0
Pcli-130_S117_L001_R1_001	44.0	101.0	101	45.45454545454545	23864440.0
Pcli-132_S118_L001_R1_001	43.0	101.0	101	45.45454545454545	506825.0
Pcli-135_S112_L001_R1_001	43.0	101.0	101	45.45454545454545	3532817.0
Pcli-148_S113_L001_R1_001	43.0	101.0	101	45.45454545454545	15270107.0
